227.803152174,3.55432488682
220.019556818,3.96748119869
198.648743902,4.07597635346
178.290756098,4.76711429492
159.217965116,4.79701301169
145.970977273,4.56419638731
135.296791209,4.55092042524
131.526086957,4.48654334809
132.7894,4.26011574087
123.808195876,4.27438968023
128.24040625,4.39583336925
188.545535354,2.99592893873
206.869313131,3.10634236101
217.868892473,3.59086475969
232.790532468,5.27329568192
243.028674699,5.0142049975
248.809977273,4.99980260196
247.888268817,4.98427867069
238.028848101,4.72938164917
221.929106061,6.69114059169
204.803840426,2.9713322713
198.631119565,3.03894149787
185.797886364,3.40700980569
165.955909091,3.81359294211
193.04077907,3.81340826967
178.415617284,4.28532819761
164.689292683,4.58032601719
158.347573171,5.05356002913
147.039321429,5.02756058823
141.153043956,4.59086088387
135.448526882,4.50259802846
121.225536842,4.40329285337
115.513382353,4.01702660021
106.228495238,3.97857667093
153.41664486,3.33621071666
225.26615,5.52786915636
233.0419,4.70451250545
228.823146341,4.94746068837
229.851311828,4.64860012302
226.024320988,4.52416305604
203.482864865,2.85228535341
188.523412281,2.70006881393
129.045513514,3.31549788402
178.39614,3.10501164037
191.203926316,3.21460331625
188.883450549,3.67294265991
154.484648352,4.14197850537
161.135823529,4.44528837608
142.269977273,4.58240721347
138.651313953,4.97202017043
128.716545455,4.87597857711
125.119880435,4.43099340982
139.58411828,4.3059313613
182.24503125,3.38872680584
209.53739604,3.33124337547
224.038417582,4.17079566074
243.561392405,5.07253481312
246.736035294,4.92838250559
243.800781609,5.04390710458
234.478259259,4.75261352826
210.186616162,3.1228539657
171.999130952,3.18971248751
50.689965812,3.54075510788
52.594125,3.49797732451
43.313504,3.36985333015
42.662078125,3.2500422744
55.1942301587,3.32376852067
83.5238141593,3.93231360738
90.6795,4.20690366615
92.133,4.29857234782
88.1196761905,4.2504120192
80.2365700935,4.2000688903
71.8006545455,3.93743352733
75.8002792793,3.87587236474
75.9348363636,3.94552208647
96.8469259259,3.67124245333
195.605944954,2.55560456077
227.765772152,4.53375828313
231.413505263,4.35985390799
228.895736264,4.48112254668
206.915656863,2.81030886163
105.24443,3.69076428404
67.3741612903,4.13010832218
64.1644791667,4.26781569608
60.2066875,4.33881403154
61.8444521739,4.11308575605
92.3865,3.69132504237
115.76978,4.00810820047
127.342908163,3.95881525504
118.169029703,4.13227786775
110.773881188,4.13726568992
95.4510555556,3.99252293669
85.690009009,3.65854973531
76.8210089286,3.79218636846
69.7995,3.78839826046
66.6682522523,3.9513946211
69.3631171171,3.76417048148
103.9556875,3.30321024644
216.022211268,5.5104248033
221.52542268,4.23982618889
210.725956522,5.33024195893
107.457286957,2.97216107216
43.0860934579,3.6898042601
42.9846704545,6.34344108962
37.6863826087,3.66543795502
34.8075462185,3.51060225231
50.2543555556,3.00985071632
49.1440144928,2.92649613216
63.3427076923,3.33381725828
84.1184036697,4.11141141574
90.74245,4.28434091659
80.9198383838,4.55645098047
75.5524895833,4.55504236911
78.0682474227,4.24813251184
74.0830707071,4.13166011777
62.6601176471,4.07872065021
59.15048,4.0962458248
64.801,3.85823025428
197.092614679,2.46115967306
214.658116667,6.58775868403
211.567522222,2.8159646205
214.995358025,5.99165302232
226.537283784,5.58868955789
220.702361111,5.37975905472
216.820912088,4.27506337186
217.64435,4.18870818795
231.827065574,5.63013104558
216.159373134,5.16062070218
218.494083333,3.6392056832
218.524443038,5.4560190223
156.25247619,2.97322995484
79.4793660714,3.52754814307
49.7447118644,3.20848864993
58.1639150943,3.94321154331
62.9500648148,3.80125465931
64.0890087719,3.68086925153
207.031392157,3.47105360638
54.3827795276,3.35999016431
83.1426857143,3.82082581761
217.334291262,4.10757592851
210.566821429,5.21577633187
146.16967619,2.78883418372
35.1862020202,4.29562632887
35.48378125,4.54583936665
29.6417033898,3.65262366588
25.6722661871,3.26534104626
25.3859927536,3.41343803589
27.5116538462,3.30125171523
28.491375,3.74323397584
25.448778626,3.81126927356
44.1339793103,2.595846889
46.8743120567,2.81423248234
49.6125658915,3.28382311113
62.2643130435,3.69283189878
64.7722232143,3.61498678335
57.6114322034,3.49608419256
61.6254824561,3.44628250457
156.033035088,2.46544391285
223.956695652,4.29754810371
86.6941160714,3.58890540683
92.5376697248,3.57243056352
227.555571429,24.6228964206
210.456139535,3.72585443266
28.567359375,7.94628961182
35.0362173913,70.6520523748
25.1879480519,5.66440528318
24.1725578947,4.28654508319
25.6459734513,3.99860098773
27.1579918033,3.57221344124
40.9119833333,3.26548887151
42.4181893939,2.932326146
62.9237596154,4.35971652737
76.250043956,4.35651302681
71.7132473118,4.22343449393
75.5920210526,4.12029668751
65.906556701,4.10268701475
85.589212766,3.90962113583
195.450659794,2.53978617113
205.910474359,4.68620737749
223.536706897,3.4873780988
244.7455,7.04727678779
242.115295455,8.61204355685
228.210491071,3.38218045505
206.652929412,5.52627414448
39.4259012346,4.57260592999
55.7033893805,3.66555175369
51.4701355932,3.30538752019
58.97285,3.34644932027
63.0712845528,3.23416574959
65.3621666667,3.31586660335
54.5404173913,3.33871131446
53.1447075472,3.5486553169
47.7921061947,3.49557676544
43.2939561404,3.64986552093
44.2799401709,3.37309706113
47.301608,3.26350080987
49.2997364341,3.08665840431
60.1432283465,2.99460623768
172.806961832,2.09813820412
228.768918919,22.3258724645
60.1071151079,2.80449933328
30.2592040816,2.88806293675
95.2207591241,2.96107392279
222.780416667,10.6454342549
205.494772152,4.93824117878
36.939,291.873644735
26.2148571429,11.6371839485
23.8039428571,5.03451313684
20.0494728682,3.5224736557
53.582075188,3.14777818388
63.358272,3.0917357003
52.798221374,2.785372319
58.9231150442,3.08695809315
71.6579911504,3.2964306866
84.1254553571,3.45619106961
100.772306306,3.56334330009
152.859610619,3.18825202489
198.111857143,3.2902105895
207.136990476,3.78539270896
226.947265152,3.13437238371
238.59078,3.86849455827
248.9788,5.4448694656
248.843971698,3.22970295787
246.606726415,3.39712193244
242.809604938,6.66613328509
221.185970297,3.48518535606
106.529545455,3.36417006777
39.4401346154,3.93580946963
43.95395,52.8187135338
31.9522477064,3.65985783545
31.0611031746,3.04400613792
27.5667364341,3.10985269002
25.5147589286,3.59694505556
32.09525,4.51231915317
52.806245098,4.17454455844
77.1168217822,3.83501315665
85.8715979381,4.16635585564
91.3400102041,4.10063448209
111.40977551,3.76602595169
211.75577907,5.22499813945
220.485295455,4.79409577663
225.627631068,4.07896009706
234.932616438,4.94871084999
242.772261905,6.78142134708
247.4182,4.57405497272
246.595644444,5.77717520893
231.769632184,4.27543926541
217.317150943,5.33187638457
93.0573139535,3.71500939858
58.771,18.1496875561
49.3289036145,4.99314380282
50.75832,4.30396167729
53.7361043478,4.02708265504
54.3354,3.95458566979
58.3136578947,3.95105445425
69.2847522124,3.54969825234
87.8162884615,3.7366240325
82.9061714286,3.64159132473
82.6977714286,3.6347145706
107.103119266,3.076359001
202.532135135,2.32115437751
227.694927536,4.38322616264
230.975589474,3.62269001719
46.547,3.21231055543
27.5200149254,3.12420321257
24.9561068702,3.03770098021
79.8606489362,3.83695292225
217.04228,10.9143171038
139.483246154,10.7611941484
21.5377692308,68.8610259862
18.1878148148,22.0394625317
19.4860322581,12.2962496118
17.0260804598,5.92996144988
17.0731603774,4.74572848245
18.2023984375,4.10442525337
18.800380531,4.58845305
22.257106383,7.92554974695
37.0600952381,3.0236005608
49.460214876,3.03669276961
90.5659396552,3.15664384504
216.706925,4.82344202018
224.650206349,3.28013146233
227.635676471,3.11726841146
231.672725664,3.10934113836
233.69889011,3.94750851821
234.830179104,4.63650231733
230.218141026,4.16782381083
222.087798387,3.03732041025
213.160682353,3.75758580627
86.8761217391,2.50045711726
28.1633764706,9.32617702025
28.6667731959,4.13140039595
27.9369369369,3.65101805614
28.717578125,2.82886377888
36.012504,3.02317327399
47.296929078,2.84278981224
57.7766290323,3.23574908434
70.2599,3.73968372496
66.8759907407,3.8198372663
51.2612894737,3.71062302496
55.8017904762,3.83040844174
219.145951807,4.59503888703
221.761743363,3.74060675253
229.538369231,3.52820360354
232.554110236,3.3959027349
235.235753846,3.3136457772
236.361024793,3.52632119444
242.024306306,3.73744083879
242.436265306,3.98547847554
228.69162963,4.86152503585
205.545208696,3.01865983328
92.5654732143,3.75501969137
83.0926608696,3.65202080542
73.1188632479,3.60285292793
72.2849391304,3.50490080739
64.6798319328,3.50620350387
58.8147540984,3.40403820598
53.2341219512,3.36762237432
53.2182301587,3.45934371674
155.179535354,3.03661982394
206.66531068,2.68457257891
225.744974359,5.12381982531
231.64016129,4.50991588084
232.69357732,4.33984819441
229.322034483,4.37962138207
220.702947368,5.44509679154
208.481091837,3.8027766149
197.645260504,2.51403637688
140.622677686,2.91701223357
79.8602941176,3.33044218185
53.286424,3.39991237247
251.951357143,4.15780883473
252.272078431,4.11406803781
251.778969072,4.24469631578
243.55834375,4.40260837542
236.606134146,4.70133228626
217.812581395,4.36344178262
196.268018018,2.58014364904
85.7273928571,3.68262424628
69.3865,3.59552799507
108.380272727,3.68691029238
81.9486428571,3.72714109209
87.7755514019,4.17880137686
96.9726728972,4.13118675267
76.8608076923,4.22318851618
70.9614954128,4.25650095897
70.6242018349,4.09181598242
70.8660789474,3.86954907436
77.0829652174,3.71903795087
102.683614679,3.57207697632
196.281418182,3.24129263891
215.265382979,3.85689453717
232.2348625,4.86818786806
241.476118812,4.07222890601
244.749730769,4.02338328645
228.108811111,3.80582319462
129.09348,3.90170622648
157.184828283,3.62296295891
198.052515152,3.35642104198
210.87054,3.12068426506
214.300076087,4.03158595977
242.610061728,4.9397936372
243.45222619,5.02877880377
246.351161616,4.37257852709
246.632906542,3.92826181423
250.33339604,3.89285970232
248.100525253,4.0632200359
240.995,4.03667747587
219.425615385,5.27452008572
52.580037037,4.16531266223
46.7493944954,4.05493554238
42.8474173913,3.81735455273
37.2293170732,3.76933305008
36.315832,3.48344243499
31.55228,3.28726105813
32.0494358974,3.41225195638
31.6242748092,3.26836544773
33.1069923664,3.32974970778
41.9956808511,2.9417708283
56.0637438017,3.4765294235
61.8371428571,3.60490138722
74.1753577236,3.38290319159
92.88996,3.07932353427
165.284741935,2.37728829059
207.372860759,5.30184470101
215.039247525,4.01116554297
216.817007576,3.31588317072
214.732861111,3.92651792214
206.37746988,6.15658991396
49.6336090226,3.0600908303
44.628300813,2.99206181781
42.2964796748,3.06159934464
39.7725645161,2.98678982332
47.4249774436,2.81812136072
51.1708705036,2.96555919033
54.6416564885,3.06098890088
51.7762230769,2.99311203957
53.3670229008,2.95478753897
68.4178461538,3.64485556203
79.7368425926,3.77162675342
79.5647610619,3.61039280475
87.7542268908,3.2405895716
181.711382813,2.16259402992
201.368990991,2.90471317837
215.134956522,6.34894326905
218.980777778,3.91151667677
230.53592,3.42679797051
245.475198198,3.50619171532
244.198165217,3.41613498005
233.129852459,3.5217007068
222.602873418,4.32945453089
194.632603306,2.29909311835
88.5418108108,3.42041306791
75.8841517857,3.67360008248
65.3068318584,3.63880177157
55.2737833333,3.46978187053
50.1660775194,3.37716973705
47.0937142857,3.34321698414
44.6165221239,3.53763710509
66.5509396552,3.47097193678
125.802455357,3.41968077081
185.775657658,2.8102006894
193.994814159,2.72661221266
200.084946429,2.89682166648
217.912142857,4.3596810362
239.948809524,4.52616069089
246.898888889,4.25139797875
263.169228261,4.21123018344
264.895128713,4.15108991744
263.410163462,4.08960071497
253.285946903,3.93601268719
238.942404255,4.25492168932
216.213089109,4.11903926439
160.634844828,2.78869861
83.6424,3.46427019512
65.1172222222,3.55980315824
59.8904700855,3.35395192984
48.5364568966,3.52296259341
39.8791679389,3.27472981971
36.6232782609,3.48378416605
37.8194227642,3.38449013178
53.278406015,3.04811974059
84.83855,3.56139209235
199.936175926,3.22893946651
227.454677419,4.49081746107
233.445852632,4.27134462292
245.850195122,4.97613079551
247.321975904,4.92655652936
244.682362637,4.5856675487
242.844515464,4.57180553248
242.144788991,4.16528019007
239.367828829,4.09557891625
232.029333333,4.13265120435
225.054746835,4.85826170371
209.013440367,3.52262942486
114.740042735,3.1194883868
65.949,3.60114393123
56.8549107143,3.38003431525
51.2349074074,3.95375976048
37.6325166667,3.81707966314
35.2241967213,3.57554602178
36.8300333333,3.83319153983
39.4771209677,3.43307862416
41.3290396825,3.16431027154
41.9750387597,3.20650569596
47.7940148148,2.96353254738
50.0563555556,3.00846562067
65.4488992248,3.04662930741
91.7962406015,3.00887073462
195.968552,2.59950921825
210.738385542,6.44643681641
220.77935,4.06365035619
222.906022556,3.30067713648
225.964637795,3.18750515059
223.401633588,3.13883578658
217.315958678,3.43615652121
208.741602941,6.3433199532
45.5167876106,3.38103598412
37.00714,3.90893204765
32.2369166667,3.42856211885
23.7249509804,7.42191956744
21.7017730496,2.95898481985
20.3316810345,3.76110139669
19.6685486726,3.86219089477
23.8064059406,5.35032284268
31.1936949153,3.58007638822
34.9266293103,3.17871831829
33.3893467742,3.19725797266
43.1637829457,3.21781279825
93.161553719,3.11883168139
208.513546392,3.97945821857
226.087487179,5.29081760243
228.642310345,3.6798335771
233.652788991,3.72690932721
236.441990099,3.57295212761
229.079055046,3.39838257374
219.654365079,3.27531932309
211.767758621,5.63607949139
50.2933592233,3.41568933774
38.1705268817,4.56872481916
30.6224719101,4.99632369469
29.7453942308,3.25015190178
23.9361282051,3.37524227153
22.438784,3.41438099039
21.7287362637,4.97998221634
21.9106969697,4.88871154871
35.2364516129,2.83133824661
37.0218931298,2.63153411997
45.3055461538,2.85409353795
58.0023644068,3.20174797504
82.071677686,2.9968642971
137.02085124,2.61843114094
206.917234043,4.85532894571
222.382965909,4.12102058948
229.277300885,3.59987713378
236.159257426,3.60404440461
239.729034884,3.5880109139
234.668834951,3.5425136988
230.362491525,3.65108774234
205.734224299,3.3664084492
89.9347281553,3.7168810806
73.8979405941,3.94287147008
72.5923176471,4.3292246438
76.7496261682,3.81939613437
85.974752381,3.95292997406
107.313214286,4.20000238552
122.050680851,4.39087417706
114.490821053,4.4784607147
116.394216495,4.24923778254
120.043606061,3.95435776542
151.37203,3.62251354273
192.594865385,2.78955490395
208.413563107,2.73449075533
217.370321429,4.95900550971
232.3200625,4.44095176088
232.923070175,3.84269225293
234.188327869,3.39876968271
236.749877358,3.55543960598
230.476010204,3.58945080834
215.586626168,3.78214705156
203.803305263,4.69830753613
43.44679,3.70077362496
38.40675,3.83777478848
40.597297619,7.78417155928
30.50741,3.835995907
25.85076,3.92293467241
23.1094568966,3.83084289573
21.7120357143,3.8779886694
27.0563090909,3.82710865363
31.2581219512,3.43621692895
35.61435,3.14580975164
45.9246034483,3.32904455506
63.4191538462,3.36999923517
130.140927273,3.22033224045
205.333990826,2.62611338991
216.724977273,3.90379370904
233.218833333,4.62413418193
230.989244898,4.32365041604
231.676692308,3.96081863819
229.663709402,3.68771602041
225.260443478,3.67025118814
219.338831461,4.62455563152
202.726333333,3.68113066055
61.1442314815,3.41651323125
48.2973203883,3.75616029444
45.0806354167,5.62825252612
37.6414561404,3.66903420405
38.1994,3.67673710347
37.0793046875,3.51714668878
39.0448692308,3.25899180768
46.630468254,3.27959873615
54.4692627119,3.38962990783
63.7980283019,3.65709156907
63.7952952381,3.79798378781
62.6122264151,3.66956572108
82.5189158879,3.2899255784
199.705283019,2.14224019766
218.059414894,3.97730544352
220.534201754,3.66708672185
222.293149123,3.34139479223
222.84637069,3.61589620176
217.152477876,3.68674938088
213.478285714,5.89877067299
199.620913462,3.45925599502
49.1581981132,3.49688401532
38.5571165049,3.52674625686
36.1861089109,3.74296094676
37.5257326733,5.00796481744
37.954036036,3.7478240404
39.1574146341,3.55350915318
42.502078125,3.34144707333
53.763232,3.29738904271
62.305008547,3.46975698014
81.0678181818,3.68841990116
89.0795779817,3.71269868862
103.880231481,3.51557420552
200.039694444,2.60241104112
210.231967742,3.6003090026
224.187277108,4.55398345063
227.980234234,3.57344770996
225.80519469,3.5542458581
221.963033333,3.49087464827
216.340324786,3.74898236872
209.285632653,8.25722382214
142.935681034,2.4525015019
31.5467927928,3.34391055859
29.1965865385,3.64307940344
25.151952381,3.44558509314
25.3741538462,7.77746824625
19.67999,4.03802651744
18.5005826087,3.53884552668
18.6144491525,3.37746879617
18.0865044248,3.72537900084
18.5720471698,3.62763404056
21.02715,3.73952727162
22.1200326087,4.4270231217
29.2278508772,3.12916282333
35.650761194,2.79734543965
37.6834146341,2.98461223752
203.138978261,3.36986014616
209.201557692,9.52945416514
209.57922,7.60191245297
209.299070175,6.46691326224
151.431661017,2.51777339334
42.3458521739,3.64192281887
34.4728119658,3.68263585166
27.9114166667,3.81050646535
28.299159292,3.79669082934
25.3734074074,4.12788570916
27.7520952381,4.86152091038
23.4823148148,4.48452362436
23.7942818182,4.40208645997
23.8031,4.19071071747
24.3778802817,3.86690281727
25.7918068966,3.20807903112
26.2930689655,3.20644884907
34.3178544304,2.52944764473
58.3998758621,2.57055375278
86.8025433071,3.09809440224
210.20645,3.53695507225
221.619386667,5.85095780224
222.064569767,4.69506704246
220.81725,5.13070346969
214.114638889,7.03141375692
202.314727273,3.51522352806
106.618604317,2.84411179716
42.8946043165,2.95827207979
43.7292481752,2.95544492479
41.1534014085,2.85442742431
41.918556338,2.81593099084
52.590390625,3.20451074256
68.7004956522,3.55566990111
76.6834326923,3.84828546583
89.3399375,4.35426293719
107.850021505,4.4285667052
95.8051935484,4.59736728288
92.90809375,4.45084498431
83.6413636364,4.42037967068
87.5225196078,4.17566182455
145.004803738,3.19644753998
200.911716981,2.67640651426
217.287364706,4.25688744996
229.592426966,4.61711896181
232.09672,4.0986062162
225.798858696,4.30339736567
223.406578947,5.59625325497
210.10927551,4.13579425999
141.350722689,2.95731287189
78.7860353982,3.65715225191
61.8534642857,4.01800790578
57.2936065574,3.84719362517
55.1071515152,3.37535989387
53.8604705882,3.19146574853
64.7674031008,3.27410252454
96.4827844828,3.47702817082
114.248981982,3.89148045541
125.67967619,3.90672768933
124.11577451,4.32378099435
124.225647619,3.68451658877
159.645448598,3.41651315351
185.369045455,3.11975582867
200.619637931,3.05874941145
221.010639535,5.2923027847
232.5581875,3.95044660685
235.091482759,3.58185263316
230.263045455,3.76395539079
222.197657895,5.06820830749
199.509872,2.66044633982
97.6481229508,3.0472646439
61.2099047619,3.21650108899
57.9287751938,3.06974849653
50.0374469697,3.05783476042
47.0705899281,3.12100009776
39.5883732394,2.99938378983
35.4824615385,3.4869983301
30.1285510204,3.05888911655
31.5543115942,2.98275011913
42.7126,2.68838323959
77.4651136364,3.34107034004
141.388473684,3.31854680128
113.365109244,3.29446019047
133.159634146,3.00671175384
193.975561983,2.52809186119
210.464898551,5.64971146774
219.865252252,3.57007278726
225.616768116,4.5500178989
224.852,5.17566716307
213.647764706,3.32781688208
87.1475779817,2.82809214521
29.6960111111,5.00343328075
27.0311529412,7.35658136954
26.1840823529,7.61938537261
26.1553,4.90918659725
23.5582743363,3.9714221012
22.5080729927,3.33612697013
24.047908046,9.87332489364
20.1800215054,5.82951658182
18.6792417582,4.67776626381
18.9253578947,4.44854379753
18.4978522727,4.82639255361
35.5455888889,4.25876130543
67.7891904762,3.59295476224
194.684345455,2.25103335307
208.051150943,8.33690429573
214.797662921,3.8835813982
232.758166667,5.3139685399
238.369516129,6.00328662812
233.044383562,7.84110184648
214.059559524,3.29352677442
45.4310701754,5.02476695668
29.8509175258,7.39521977205
32.3957386364,6.94100396208
34.7338556701,4.15411951989
34.9454649123,3.1682130473
31.8119112903,3.12620609635
27.9973658537,3.14115062251
24.7947017544,3.26819954744
25.7348773585,3.61060399115
24.6954842105,4.38006102115
52.2931782946,2.58779993984
64.0503787879,2.97655336355
52.1366764706,3.00465966825
46.5417304965,2.88155066683
56.6973284672,2.71361846197
194.225895161,3.04146472259
214.649716216,6.06761120227
230.362525424,3.06958989561
230.886828283,3.62630014044
232.396606742,3.76428930149
222.774308824,3.08979290491
211.543774194,4.61729683252
43.5391557377,3.74725679705
42.466377193,3.93819000653
40.9897083333,3.17632135472
42.6429449541,4.19705505444
44.3322909091,3.6568493712
50.2466055046,3.78015201043
66.7119915254,3.36314279423
63.83044,3.09574049026
88.0456696429,3.55876659962
94.7520952381,3.81540474945
96.1787619048,3.86591444587
152.444227273,3.23507584761
207.342081081,2.93983920286
210.836045872,2.82378153366
218.183195402,5.01062469515
224.158873418,5.36401524496
228.287212963,3.72620875303
240.830166667,4.35802802707
251.883153846,6.71808092301
246.232234375,4.75863238938
241.621168421,4.35447912849
226.21719469,3.4793335467
202.455465517,4.42664773148
60.4853873874,3.37480985472
56.4590952381,3.85760195139
55.6729047619,3.60661597386
52.0234615385,4.02434844917
108.8569375,8.54797645872
140.19238961,5.7712559862
123.804193182,4.56930799246
121.439411111,4.59596297995
108.144141304,4.33581758791
106.850360825,4.44616241425
115.91385,3.86468502525
186.022557692,2.99662556498
205.786560748,2.68848285161
218.361337209,5.29013396236
226.0654125,5.09170214312
262.971039604,4.14475110425
274.712561224,4.30024145963
280.417021978,4.41207823515
269.379505155,4.35887878472
258.28284,4.37352677124
240.616906977,4.64441627997
210.028344828,3.10741429073
123.572373832,3.26289684347
91.80533,3.77502234151
86.1874242424,3.9177815324
60.5809454545,3.58653631819
65.3540900901,3.5213662443
84.4682156863,3.93205151757
90.8718080808,4.09718940146
98.5954020619,4.25414374686
108.637125,4.20093008358
128.054791209,4.48959593062
145.755280899,4.30307370962
180.268898876,3.82633479152
207.467274725,4.71276388606
214.340630435,4.14762276892
229.336822222,4.19742481669
251.892662791,5.04178322905
260.518623762,4.28629545328
265.881836735,4.24751981942
262.117670213,4.10518590499
247.760367925,3.91135198297
232.540119565,4.23112833289
198.603552632,3.22377218234
70.3539809524,3.67212768565
39.4368709677,3.27466107409
37.8495950413,3.55482825006
34.476950495,3.95627024542
34.6470319149,3.90625102556
231.092774194,4.22976433922
223.390971429,3.59451579262
231.009877358,3.86963391004
221.955528302,3.49979688484
227.56319469,3.66562912117
125.278866667,2.49268173157
196.859330435,3.08228467296
92.6466285714,3.86292263832
147.129866667,3.52399883927
102.032041667,3.33637363432
19.8143958333,4.77066029996
23.1423928571,3.47246202773
71.865362069,3.41044461815
156.70305,7.22458392808
74.1565280899,4.8210124147
50.9712873563,8.29554238186
37.7271681416,3.55563132827
33.2482436975,3.6247109341
31.6676206897,3.66714912766
29.4372592593,4.17082073287
32.1658811881,4.83773054089
30.4861382979,4.54446529646
28.7531910112,5.11571088685
29.2073218391,5.4800935315
26.8704588235,4.79907572298
32.6283298969,4.45159155307
208.34707767,3.13733775457
236.505935897,5.82516063892
258.321974359,5.08205514432
262.344058824,4.89774120454
265.524565217,4.47924534316
262.249258824,4.21440263088
254.916822785,4.26709194158
242.643831461,3.90002131113
225.576321101,3.74350809096
43.4609381443,4.87526730741
36.4096704545,4.67697097927
37.4145666667,47.1739835739
27.3023956044,5.04870340301
23.699559633,4.18648109726
22.2492136752,3.74892872175
27.3779333333,4.52515638423
21.9355444444,4.44838015565
22.5745172414,13.2432869141
19.23298,13.7939775256
22.9610909091,7.07725734999
18.9308987342,5.99870137018
18.190275,6.12583532268
19.7464090909,5.4225190747
28.2016818182,5.79167319991
50.2929587629,3.56365556419
204.931719298,5.79132301319
211.672329787,6.25044794315
220.21975,10.2720465219
214.073230769,6.7733324781
207.294113924,4.21664398808
88.9812151899,5.94177704772
21.9046666667,14.0537681363
16.8328409091,25.3835041185
19.1679107143,16.297925447
24.4749529412,5.88509935232
27.3323928571,3.83098486958
26.7886917293,3.87677744479
40.3877009346,4.31264329375
49.2535794393,4.35646648464
56.43242,4.2481974798
55.01712,4.12345372064
50.8661509434,3.86652475797
46.2721747573,3.88910964869
51.1935504587,3.85545104469
182.962906977,5.74379892483
26.3970096154,4.73140554339
24.5989615385,3.68111986236
21.6756776316,3.02691213861
21.1157106918,2.75938495263
27.8471376812,3.03749492788
32.5075072464,2.71789305661
43.8766153846,3.00983976786
46.7968790323,2.96097297147
64.1371626016,3.0411896297
204.743138614,4.5493845535
234.92037234,3.66212283128
242.589658333,3.56207555595
246.289204918,3.3865707504
241.498395161,3.54574999945
229.629544643,3.83683356306
223.863387097,4.15359380661
221.711445783,5.1058490981
212.740647059,3.85792053874
205.007894737,2.97997917559
193.698176991,2.96670341301
176.060247788,3.11115570936
154.347505051,3.92766152773
134.719927083,4.30736696288
130.394020619,4.33701967121
105.886857143,4.05785954031
96.4727572816,3.91792874508
89.6846442308,3.9955771735
89.2490093458,3.93281035768
152.23487037,3.43733266525
207.817085714,3.13626856042
223.70305814,4.5728850403
241.5860125,4.58230852455
250.405453488,4.60021251776
248.943297619,4.95208756399
238.907804878,5.270490033
219.997052632,4.95551512594
200.900529412,2.72926243301
187.573721739,2.64864570043
120.891313043,3.51851721479
94.4433826087,3.74324663581
83.9338347826,3.74665723593
89.2611238938,3.68727576745
77.7871111111,3.5522707522
70.1937272727,3.50762283715
213.77102381,5.8714989373
221.898225352,6.56280948198
218.957225,6.24324147589
211.306553398,3.40815785728
201.16942735,2.64675644403
125.586486957,3.15745471212
90.0725765766,3.71801968948
74.2176173913,3.76365497799
67.0378448276,3.60480608102
57.0066666667,3.49677260495
55.5323166667,3.55094868911
50.1413166667,3.58991376202
38.0843275862,3.61970911839
38.1885405405,4.08154729791
35.4434495413,4.18399897974
39.2443786408,4.37252452466
49.7975531915,4.52753259165
56.2947555556,4.56312645989
63.9536555556,4.40743300443
63.2568444444,4.26109768584
200.464970297,2.33775799418
216.98116129,4.70172409617
221.7119625,5.44482792081
219.119736264,4.78075037834
210.688883929,2.74326247844
192.313710526,2.73359130538
107.839477064,3.68529594465
87.7551100917,4.04258836156
78.3184414414,3.99190769564
93.2940612245,4.44407664297
98.3444631579,4.39563768433
90.65826,4.31527274457
77.1442427184,4.17819602276
72.9312427184,4.04032937308
68.7082019231,3.86172851254
66.9139433962,3.82942305755
60.9801801802,3.73492578835
56.2851481481,3.77529055717
54.5763534483,3.39988994525
55.655048,3.34466563631
209.995603774,5.8702201379
212.440625,3.95411537632
209.812367816,4.67261431569
203.059304878,7.35020918606
35.2316904762,42.5909113855
30.2081965812,4.33005297857
33.2699448819,3.71573918843
37.0063043478,3.84323892766
38.8068928571,3.79766873656
82.9329126984,3.10584834699
218.009112245,3.45034867942
232.787059524,5.16041740718
240.868802198,4.00767100683
255.843428571,4.34041629161
263.257163043,4.58285704915
265.63844086,4.51206311905
254.721161905,4.16171127133
240.996843478,3.88539751094
228.720473214,3.84553366822
219.225585714,5.01143499911
37.1330089286,3.3369292682
34.4290285714,3.51535287255
34.254185567,4.60022510352
29.3497327586,4.43943346041
35.8185507246,2.82096445214
37.5091677419,2.64935610069
47.9017045455,2.9452693079
47.1136190476,3.00699593477
50.5272672414,3.46737738934
42.540968254,3.24781318986
44.2696916667,3.40232771038
47.3920683761,3.44326880629
196.060377193,2.3485690634
203.14275,2.79566867803
204.926639535,4.43478232463
208.178983871,7.32448081311
209.868446429,8.52001977758
210.976636364,4.69226911764
213.729647619,4.31210712083
212.12394186,5.06340812678
47.9975132743,3.6860611702
31.1073592233,4.43331528118
31.5866262626,5.23545430927
31.8862978723,5.51784819327
30.0099304348,4.20650573646
30.7870173913,4.62050043773
29.7032327586,5.00563161451
32.2241415094,5.01903040119
33.9981090909,4.97834363151
33.6321496063,4.09789916454
39.5518974359,3.69145218611
46.9098943089,3.26068937112
49.1073445378,3.45347136587
47.073725,3.56945448016
48.4938965517,3.50246725368
128.703768595,2.76404410018
203.406897959,3.88740109802
211.032919355,6.87369949353
214.211336449,3.90983024697
220.985990826,3.36623430068
219.375175258,4.87741832781
213.663747967,2.78919185232
195.508853448,4.57147598094
40.3425826772,3.18344932815
32.5311478261,3.79226261144
32.7615714286,3.74519141553
35.2647857143,3.37269332749
33.079129771,2.77041735973
52.1304653465,4.01662919739
108.424060606,4.15082630389
119.305367347,4.27518279818
105.214877551,4.2743108335
86.6373333333,4.33632509059
78.08378,4.2109177715
84.8271495327,3.89805169539
109.605803571,3.47147680765
196.214309735,2.73075900127
203.447533333,3.00672980359
213.76404,6.01796435695
215.314927536,6.12683654017
215.487492537,3.35655644153
214.658163934,3.91746008717
209.785045455,6.23387469492
120.364621849,2.36132673695
34.2381607143,3.60534833143
32.8078461538,6.84725063053
39.5427314815,3.18268656591
49.8141818182,3.13321398646
60.4165384615,3.72927876108
67.1056836735,3.79882378193
59.3282478632,3.37425867139
58.4089166667,3.70918325274
54.6732924528,3.69993165417
49.8403203883,3.82153960024
46.04022,3.98746465192
44.3617669903,3.88582486164
40.7540454545,3.93323768111
39.4307943925,4.11578986261
39.4193364486,3.9558447357
40.8808849558,3.77532619371
90.0521276596,4.39459521019
104.995340206,4.38706374624
116.692797872,4.35788600328
116.623105263,4.19328536744
108.409443299,4.0115384996
175.7135,3.08952483987
208.403130841,2.8788131905
224.490784946,4.15003526909
234.628722892,5.26114935115
249.469790123,4.64082503279
251.307329545,4.73263646288
256.180747368,4.44164242114
249.101790123,4.43323514291
202.265398058,2.7523574909
90.9324536082,3.96422642788
69.0299042553,4.13818248329
59.2662929293,4.02817153622
53.1648363636,3.8008792735
55.454775,3.58419644613
67.5345826087,3.49756234598
104.045722772,3.90715413766
109.08902,4.12877302125
120.807851485,3.9694555021
193.714186275,3.1139411807
200.018104762,2.73134530201
209.804567308,2.82350923703
219.7072,4.51784352684
228.807291667,5.91121060994
236.73443956,4.6050001255
239.396686869,4.28844638725
242.04236,4.12887928861
238.537851485,4.04401042641
229.201,4.17142038765
224.023219512,4.64119703725
207.904577778,5.11757971478
85.7123645833,3.51149556968
55.4304183673,3.84222736613
48.00799,3.84377521388
43.6128375,4.5259322513
37.4558257576,3.48180869954
35.6456062992,3.27095619126
32.3081209677,3.26773112783
27.7741553398,3.67890021615
24.775816092,5.07594558187
24.7003595506,4.51606090455
27.4822680412,3.75424799984
28.8402222222,3.78642453296
30.9032788462,3.70768460764
37.4656637168,3.41747376131
180.244787037,2.18023641439
201.118720588,5.79468296631
207.094981818,6.43596613553
209.696627273,4.056723232
208.32515,4.57139944011
202.426202703,8.07334355829
37.490992,3.24605705796
24.8328584906,5.12210134354
24.9288809524,7.19623529121
24.7986043956,5.60222226599
24.7902758621,25.4242781122
17.6235070423,3.00693048897
16.7967638889,2.90272542752
15.7929619048,4.28163163776
18.9044647887,5.86152439592
17.5703492063,11.1565423835
21.6779180328,7.35231488254
19.022109375,9.33918521278
24.1664590164,3.299414287
52.8690145985,2.69697608563
148.7421,2.38686263204
209.227531646,6.31207884305
217.905602564,4.88913263606
223.988633663,3.98182786384
222.572102804,3.74534449992
220.948914286,3.9337368941
221.721540816,4.2697830257
221.89643956,4.66047701501
211.577509615,4.16130342638
180.315268293,2.60349934597
114.203896552,3.33318028015
89.7601851852,4.06374138881
87.772247619,4.09821264397
92.9255363636,3.89062580928
87.8837663551,3.82974940677
78.5161698113,3.81278408748
75.6691238095,3.83905541651
71.2033365385,3.797825866
67.4739351852,3.74629013787
79.6655178571,3.53404035182
145.910830508,2.87419938456
194.548283333,2.5286392028
200.16833913,2.61472769661
207.725205882,3.16182219882
209.021287129,3.33320137119
208.724804124,3.94426941671
206.639830189,3.36530611536
198.767743802,2.57739702477
193.041909091,2.39868977673
88.0968412698,3.30590980006
57.6673412698,3.30944793143
49.2324496124,3.46306910337
74.5101214953,3.24902772092
94.7217876106,3.49342186002
101.976747748,3.81984875822
110.470638095,3.88261056307
102.833641509,3.85323738072
107.283242718,3.95806717332
111.822656863,4.00905249334
167.334357895,3.5034402746
153.908401961,3.31407779627
200.315666667,2.81765338554
213.629383838,3.72669379291
225.240616279,5.0162494815
227.875810127,5.23331822963
227.4854875,5.70897149153
230.326130952,5.10078525207
226.994,5.40214091691
219.350042105,3.55316302927
200.026389831,2.76499679095
177.579809917,2.57792168905
60.198488,3.58971902431
50.4798442623,3.59069109614
89.2743846154,3.80551017076
103.462509804,3.94629256153
102.36711,4.11988549619
105.677891089,4.21311242285
101.075245098,4.13995272352
101.467148148,3.86636630634
99.2427413793,3.51806751197
126.183230769,3.16392238314
183.847268908,2.69084393715
199.683735043,2.81504325192
216.19755,4.0554340498
226.098630952,5.49767840283
216.997515789,4.13484577337
217.003252525,3.56479662083
205.625189189,2.6612207614
200.597018018,2.79942804195
195.126663717,2.88847191235
187.475009346,2.9437542599
135.001509804,3.81165810023
117.31985,4.13243686875
119.287967391,4.35767104082
110.419102041,4.42972791093
140.48147,4.04165214185
168.085077778,4.3272979244
177.891089888,3.95320172943
180.879344444,3.86335591324
173.1824375,3.40164102548
194.785405941,3.12823487071
198.528028037,2.94274019003
204.626018692,2.96891422603
208.718915094,3.01622287617
215.948663366,3.16399058257
213.457485714,3.15062785465
209.323342593,2.86696539592
187.217409091,2.88362615254
153.846367925,3.60822015821
121.711046729,3.58895473217
84.2726909091,3.8461387414
211.243289474,5.76160595911
212.7831,17.7080235975
26.1062692308,2.58351752308
109.165529412,4.12612033744
70.9911965812,3.60972693267
136.90730303,3.00672780347
108.406453125,2.89309038134
193.13102439,2.23102215502
206.515770492,5.69399127055
222.1235375,4.6524091857
215.837294118,3.6720685188
104.77297561,3.6022737301
90.2239816514,3.78480762651
37.8024057971,3.19400213878
20.0198494624,4.50697104148
83.3535044248,3.6631784183
51.235048,3.40349950665
72.9935583333,3.6743734355
161.236390476,3.2647831217
61.5031652174,3.80341179909
57.3488376068,3.67871368852
53.2002096774,3.59770881501
49.6802460317,3.49664895129
47.0667286822,3.51503497681
43.6314848485,3.41303304151
37.078,3.45627614423
35.71165625,3.30848320708
47.512078125,3.0088030097
61.2841083333,3.27430253006
85.4411260504,3.38634543785
196.901211864,2.64878664614
206.86641,3.15232195834
212.524126437,4.43998085132
210.56287234,3.36509242334
193.497322034,2.38386496716
78.857512605,3.34831345598
57.9929152542,3.62460485214
55.7330084034,3.49794985676
50.8608833333,3.41981843672
47.3766101695,3.46033854825
47.9162695652,3.43699599655
43.95915,3.34773442632
39.5290819672,3.3445900837
37.3024957265,3.31178101167
214.456192771,4.36295277853
215.667083333,4.92008183278
140.574115385,2.52808468383
50.8161612903,3.22739886641
41.2677829457,3.00766883313
35.0311984733,2.85754854709
31.2644375,2.97486475664
29.3521439394,2.93513190653
28.0411021898,3.09517256666
27.5516666667,3.30080891018
23.7811487603,3.69615089101
20.1866693548,3.5906939823
18.5428018868,3.71738878354
17.6630088496,3.61368453606
15.9700603448,3.72047458292
19.7892380952,4.04930874113
33.8415652174,4.12686322492
59.8302524272,3.5464150791
198.994105769,2.85522726219
215.077581081,5.06005009634
236.807322314,3.50869173478
247.499154545,3.90565052247
232.94717,3.94963437614
218.579316456,5.96205862491
145.842522124,2.77154934588
63.7754727273,3.50699212701
51.7444954128,3.68250793898
47.8945245902,3.3584218152
44.4772063492,3.31209365969
42.6176029412,3.12460408116
52.7881185185,3.00789190504
70.5916551724,3.39585653594
85.8673303571,3.58721365696
90.6172,3.64281621811
83.5984273504,3.49361186712
85.4047190083,3.287455282
96.2155867769,3.40824038034
116.308456897,3.09637595306
195.738793103,2.50358086649
209.076824742,2.63737368101
222.919173333,6.11223969699
223.994102564,5.12349622879
224.376469136,5.0033760146
219.306026316,4.8210075616
210.532258065,4.09270043245
90.2088166667,3.13533567242
56.1893278689,3.34083494466
51.0832,3.35921449386
52.8722173913,3.56061302678
50.7479357798,3.64650469295
46.9718760331,3.44193719301
263.570191011,4.20025685391
259.130541667,4.49578093133
235.281208791,4.07085777225
207.512938596,2.8904715965
87.9200285714,3.86026524321
85.7566538462,3.68565485107
69.749990991,3.5467082343
65.8744416667,3.50416211773
58.6728534483,3.4212014484
49.4443130435,3.41000532354
52.0646016949,3.43677429632
64.733779661,3.57881942874
76.3020172414,3.43376953418
71.373512605,3.25173674155
78.9235677966,3.31813426754
154.74968595,2.74802252888
210.505779817,3.16491844422
228.258162791,5.50417414579
238.855117647,4.73572115833
253.849445545,4.24238235166
260.644509259,4.05277420328
265.266396226,3.9284333591
262.537075472,4.01434998474
250.469030612,4.29397750909
170.957053097,2.68512737983
99.5707431193,3.6601484977
83.762,3.74929757171
77.2564903846,3.68519060982
69.8572571429,3.85567169393
87.4965765766,3.70402995978
94.6234814815,3.86291038821
87.8231203704,3.78860379065
99.2895288462,3.81214964161
103.378311321,3.90021390962
103.298125,3.99414153342
100.709114286,3.85720954136
144.104907407,3.52754265724
187.119504587,3.09599911543
214.615951923,3.47561959017
219.30484466,3.11395803133
233.798589474,4.54212492294
195.188968421,5.37182428769
82.362254386,3.67996517641
86.0626909091,3.69734805363
113.492450549,4.27738863562
143.943740741,5.49203432936
172.847953488,4.68689970923
185.158670588,4.32909236959
178.42983908,4.09220530882
180.306126437,3.72266424036
195.673175824,3.58559428548
205.378414894,3.62363397022
226.535826531,3.97732078749
257.139607143,4.71275535762
267.999483146,4.85101178048
276.881369565,4.72975742049
276.914213483,4.74387349429
261.789465116,4.78629211248
241.906402174,4.0032405969
216.544211538,3.08618494477
191.71457732,3.33661404855
144.002609756,5.10710817383
111.727905263,4.61797651119
108.51324,4.13837861025
106.70527551,4.20777634507
113.377354167,4.3497926919
148.605153846,4.33270703928
175.724126437,4.16808678437
190.271266667,3.61070064375
212.94341573,3.96362568946
222.411380435,3.91183955616
231.931593407,4.22606241708
244.846054945,4.35126771424
258.47594186,4.69494198932
277.72404878,5.61651876579
282.327252874,5.00261820194
287.186655172,4.82816525823
279.147923077,4.8550269807
259.414651163,4.96161113239
238.393755556,4.15359043173
211.31582243,3.06904468548
159.10017,3.59577320995
210.521193878,3.57124054575
229.531,3.97179970994
242.185384615,4.13538483163
251.984465909,4.83487869705
258.772081395,4.69984997547
241.50655914,4.46688327365
219.975754717,3.06480998568
208.303339623,3.13459027199
180.20008,3.11075942237
133.202943182,4.24494322923
129.37708046,4.80472101475
151.688493333,5.53133626162
175.672177215,5.67428218894
171.944536585,5.20278259328
197.360810127,3.82334414356
210.038166667,3.38987823121
206.458367925,3.27072556183
210.956396226,3.44239339592
217.277095238,3.47274547367
215.682436893,3.51206474152
211.553672897,3.28462821835
207.148061404,3.03388046929
113.650824561,3.67168493786
79.95075,3.71133751534
75.0273565217,3.68458388241
75.3684957265,3.53160401521
86.4226293103,3.67778309601
111.568308411,3.77507385915
128.43814433,4.37537574352
146.163065217,4.23669745753
161.029580645,3.72415841338
183.39720202,3.32525645868
203.841941176,3.35682327134
216.349163265,3.72401745165
223.20053125,3.8379486751
222.638804124,3.49621630242
208.77853,3.36462452571
200.272114583,3.84948652465
208.70821875,3.85317731249
211.942454545,3.78195994625
211.524405941,3.597145562
209.823747573,3.50202354314
180.666086538,3.41133495824
162.556096154,3.61920270297
134.760572816,3.99392682856
106.68812381,4.08748051542
96.6181574074,3.91471063611
93.1116880734,3.88161564211
88.797045045,3.79593072424
101.97282243,3.89461040117
114.184448598,4.01959818565
118.339476636,3.90563634141
162.62253271,3.37759229422
203.063142857,3.4804065559
205.128849057,3.4337421151
209.219576923,3.22164559054
204.488152381,3.12443240736
182.828730769,3.08595117214
145.919292453,3.55961571718
138.193018182,3.59551930526
115.405362832,3.74852517543
106.979849558,3.6020326948
90.6324237288,3.70290708489
77.1714876033,3.53586482469
73.8007479675,3.57203322491
93.6893846154,3.61151787292
103.520184466,4.0869543632
88.1274018692,3.98057490235
75.3566608696,3.80477361523
69.5586810345,3.75780032355
66.5366491228,3.75634358774
82.2516355932,3.50174773846
197.524239316,3.11243796561
224.08659375,3.87825752538
236.879021739,4.52209597185
244.391423529,5.08829924469
257.793481928,4.81218736805
263.000428571,4.90564613528
239.040965517,5.56578927738
234.920361702,4.25365883744
213.034614679,2.93648903403
193.601055046,3.14221928314
117.827288288,3.98593462165
95.6438558559,3.9326446064
87.9200540541,3.89015370737
78.8826725664,3.8321930259
70.4578583333,3.73010443323
87.4776779661,3.53969476663
111.981473684,3.63056748783
120.528740741,3.6915363061
198.319442308,3.32570710204
213.251479592,3.92013827238
233.58598913,3.86190024723
244.634488095,5.13786351083
253.616070588,4.58558648305
255.434517647,5.13445042517
253.791607143,4.99730795264
244.908059524,4.61759360096
237.876435294,5.38377756783
219.051461538,3.44423747944
217.071364486,3.36148667984
205.091427273,2.99093042448
173.849130841,3.09007924392
147.884633663,3.80184539105
132.482897959,4.11900458202
128.488930693,4.20826836382
116.63213,4.33376019809
128.121343434,4.09379293854
147.910273684,4.07942164036
253.612361446,4.81928408308
256.952172414,4.48891589524
254.101593023,5.14621894677
252.729965116,5.0753415141
243.570318681,4.12774344955
226.806352941,3.04395835333
216.871716981,3.23983046786
207.82252,3.52048270587
160.426188119,3.65757102737
142.934510638,4.18545583476
120.008357143,4.31174013502
112.261909091,4.24176971045
103.978178218,4.35351300637
99.7000990099,4.0254348624
92.8459417476,4.05041192815
83.0497843137,4.03116498077
91.3207572816,4.09945690421
123.88890099,3.71569144501
207.428817308,3.26552112089
228.097659341,4.58560301105
246.228719512,5.56509132207
253.059036145,5.50994805345
255.422511628,5.05161280009
258.667890244,5.28857787263
250.796717647,4.76658279784
224.358166667,4.07151057169
219.983421569,2.89052981006
204.798697248,2.7785846965
186.383839623,2.74248491738
117.589960784,3.94087803497
101.7822,4.10548000892
89.9344854369,4.08495093578
83.0825769231,4.02171180781
79.8788333333,3.85007166164
70.4494424779,3.85737440286
61.5187592593,3.74986702869
64.9752169811,3.58832613983
58.3629439252,3.79207186371
73.9913298969,4.59686196167
131.44927957,3.74805726253
202.204901961,2.65122327595
207.74802,2.6791308505
209.21114433,2.46995873811
216.273477273,3.96589134771
220.116646341,4.55257170596
220.435317647,5.09950370996
210.938761905,3.52896845177
178.482991803,2.47875983794
93.0980683761,3.35989801781
73.5579655172,3.50216413065
68.4076846847,3.7098072727
71.7428596491,3.52297819828
71.0229375,3.71888533384
90.7993714286,4.02088886432
87.3558504673,3.92023919241
76.0095943396,3.8490166018
69.7434803922,3.86930233074
84.2928971963,3.98191287462
166.510235849,2.92655131516
207.36936,2.98807945611
217.557234043,3.1346256072
222.972730337,4.5489924091
224.118095238,4.32223697394
234.972222222,4.9351458979
238.146974684,4.98945132349
235.54065,4.64721746827
223.991454545,4.30175931929
209.611394495,2.83396464099
194.199342593,2.56780598104
111.901606061,4.0311774696
104.366234694,4.19311605537
88.1563510638,4.20185237483
79.7570392157,4.13002309835
60.3583928571,3.87078074281
67.2946126126,3.55798047781
77.8752149533,3.64205865043
96.5662190476,3.79746945896
108.218851485,3.88992359261
176.313398058,2.81971574957
201.991785047,2.63876964983
212.646144231,2.89898489153
218.013247191,4.22310815764
229.037883721,4.91001464754
245.76791358,4.61595302257
250.243839506,5.13761093676
259.006589744,5.10742674884
254.103794872,5.19658909539
244.672373333,5.19975161415
229.943472973,4.74911904975
208.731767677,2.77598156966
108.44415625,3.71222685863
67.5078229167,4.09429369697
59.2619361702,4.12126784316
46.6284607843,3.83150660359
50.4690252101,3.49802332049
64.5427747748,3.69097189732
74.04509,4.04553458911
63.3090869565,3.41338340662
203.927883333,9.12609279497
44.7575377358,3.84834385563
41.9807475728,3.87199735331
39.6960490196,4.00570078096
54.2705565217,3.78708505412
62.4601545455,3.93562175221
66.1028411215,3.99184891378
66.9557352941,4.04383560766
92.0794205607,3.92735685779
90.5766635514,3.84393610635
97.746,3.83812514415
101.774324324,3.49484518567
113.601087591,2.85250162942
198.291801724,2.42502828341
200.83522449,3.41171429494
146.348342857,2.41517519631
32.6015634921,3.63421008268
30.8568389831,4.04874914225
28.95221875,5.47101022217
27.5195181818,4.2063630892
26.7600190476,4.3526057727
22.9593839286,4.16669518003
20.7768833333,3.87301240319
21.868872549,4.28901439939
23.419287234,4.83467286116
23.1086419753,5.89817499648
22.6209875,6.43275922245
21.1654948454,4.92137872719
21.8383277311,3.94692527245
177.19440404,2.80820029814
204.94814,2.79712742142
206.230554455,2.63379836317
202.285238938,2.73357022974
204.349837838,3.06715388649
201.663782609,2.40747328823
49.2024237288,3.50806575013
14.9669569892,4.62274250997
86.988862069,3.56308966161
128.556066667,3.45230558924
223.29359,4.03481901296
89.9493364486,3.71011122588
96.5165339806,4.05782174627
237.525639175,4.4833118929
190.233385965,3.12278063466
193.513747573,3.35480339887
103.23272807,3.54506220767
154.375647619,3.44502240081
198.979136364,3.05146748961
102.189594059,4.18243794617
78.1664587156,3.99860142708
94.0743486239,3.85345504952
73.5088217822,4.1556780805
51.2873571429,4.05223976771
201.177336735,2.97493876171
213.183541667,6.11519946418
211.373695652,6.56310646598
207.573712329,8.10339234605
90.6110441176,2.65602601226
40.076675,3.67160918465
36.0872051282,3.66064266652
39.0703047619,3.8511138805
42.2214952381,3.79975645693
36.6217391304,3.94773484866
32.2889449541,3.85733571123
30.2723428571,3.81807584828
30.7984090909,3.52077261253
34.3893278689,3.17254948112
55.64495,3.60616136156
200.888901786,3.07146023224
219.183731183,3.50304892924
225.413698795,4.61755293567
228.143311111,4.37598172321
218.065712766,3.77503772553
209.377981308,2.60463839439
210.613,2.86221234939
206.491442308,2.3208654459
203.922216981,2.39814972812
195.351303571,2.47862466117
110.559990566,3.42220214433
44.61549,3.93409655865
37.4837444444,3.99431031101
35.6133411765,4.25911034216
34.4923809524,4.10214774514
28.9448602151,4.07313931675
24.4190208333,4.32068320233
23.6029150943,3.72012875323
19.8884047619,4.56732979907
17.7643,7.1995588783
18.5817083333,5.24596515175
18.9582688172,4.74324474714
16.5718070175,4.53734722189
16.724219697,3.66089578467
19.4777607362,2.62720662176
24.669775,2.42452260661
33.0381888112,2.83323797261
61.7215846154,3.09849962672
102.888333333,2.97716778695
86.8093650794,3.05830899532
126.695306452,2.77071995961
192.768594828,2.25344993655
172.613991803,2.28475232113
50.8020707965,3.46295503043
38.6140471698,3.74810475748
34.3046095238,3.64480985767
32.5615046729,3.65091160987
29.3137948718,4.4057755949
24.5579516129,3.77028822145
23.41045,3.82630361553
26.3239345794,3.9986777051
22.0634608696,4.20939056561
21.1806846847,4.8590962949
20.7949279279,4.11889804525
22.1443478261,3.77330930409
22.3606636364,3.66728548364
23.4284672897,3.94996577474
25.2165904762,3.93199472923
26.65794,4.46340102475
32.4687810219,3.18638065532
39.0944834437,2.84667457524
41.3135479452,2.84070967388
38.9661780822,2.85047101069
36.3841437908,2.69685225408
32.801137931,2.80431335039
31.1170152672,3.27996949282
31.4822814815,3.05937324641
31.0603265306,3.69764053155
25.1268045113,3.22137555213
23.5643405797,3.36555391498
22.0848181818,3.0702028501
23.8425696203,2.90260736
30.335447205,2.38302631813
48.9924758621,2.44079347884
116.561985714,2.76723090067
221.770882979,3.7397429176
238.494472527,5.12374918285
223.02590625,4.14640734079
216.9176,2.82831831498
205.777785714,2.63425285251
120.092008403,3.42513041876
77.2062834646,3.43844587094
61.5063828125,3.33265456012
54.1105185185,3.24970735727
49.529919708,3.28076295345
48.3222,3.19146434955
44.9632907801,3.18205823782
42.4780915493,3.10997531154
39.1034496644,2.89886164931
42.8365949367,2.70913738036
45.7702941176,2.78442045652
54.531,2.9215517776
67.0201679389,3.04865405831
74.6497372881,3.31781033856
73.0299482759,3.42769710517
61.2450877193,3.54244632082
194.65870229,2.42599197665
204.484189189,2.59320385176
205.301169643,2.79266388843
200.561983607,2.66489060352
167.396432836,2.3105824333
103.96780916,2.99851574009
83.6875923077,3.07586940206
76.4980714286,3.32768179414
70.7142222222,3.24398334515
73.822888,3.43823518068
89.7636134454,3.59360063024
88.4040083333,3.57810775285
80.5633083333,3.67300297589
72.7743966942,3.52755226832
64.1767398374,3.45359338474
52.0772615385,3.41051273406
47.361280303,3.25328346078
44.4054651163,3.23846330245
56.55895,2.90193013474
96.1948046875,3.0760047134
199.927305785,2.38248792288
207.178528302,2.97232843935
220.311733333,4.82973688506
222.519240964,4.62057302945
220.069337838,5.51661452185
203.550818182,3.40668911646
107.75652459,3.18077450813
78.9884126984,3.38842540888
67.5505813953,3.35412881465
70.0750666667,3.64507770039
78.9509836066,3.48300102074
74.1802727273,3.53997807255
74.5634919355,3.46736969552
68.0901048387,3.54063939077
60.4970081301,3.64271338564
60.418232,3.71524161637
58.4256525424,3.76173559507
53.6398688525,3.69349192786
47.7275478261,3.71268430537
69.1931503759,2.99149396023
200.050747967,2.76925365897
203.548350877,2.54875177143
213.345845361,4.30168759034
219.777952941,5.89729258992
215.719116279,5.16258782581
202.007733945,2.85145872165
197.289595238,2.54800643563
191.582322581,2.48474098901
123.088672414,3.25716130133
91.4133114754,3.52949222238
82.1009913793,3.65024601882
76.2002566372,3.65725700615
67.6340243902,3.76317946299
83.8560569106,3.42485963861
84.2194390244,3.41866146244
76.0304596774,3.5119119795
66.0235952381,3.49634177204
56.6965772358,3.63686203944
54.6829430894,3.78616757564
65.2877403846,4.37631469936
59.2339279279,4.01085797545
51.5446017699,3.87208892856
51.8875225225,3.75859064485
77.4533162393,3.43262209013
215.3097,4.06363469212
242.096604396,4.63497403867
251.969741573,4.82126450006
243.561930233,4.676712795
224.728944444,4.36687829441
207.25527619,3.0917125823
177.346836364,2.99171340624
80.6222636364,3.84865478021
69.7148,4.25979980114
63.3180877193,3.72658093278
61.1087966102,3.7149394431
55.1540336134,3.72263839655
47.9272769231,3.4342413428
47.397,3.33545782048
45.1740227273,3.26446434659
37.9515474453,3.2202352964
34.0789847328,3.44914715205
32.5433129771,3.52643137798
39.7786198347,3.39494289588
33.61775,3.51586040255
39.740147541,3.20832878856
51.27790625,3.04555272888
206.529453608,3.82084089141
220.515935897,6.39197110694
221.23417284,5.30505410478
214.854531646,6.47587907166
210.919648936,6.51064751987
209.971477876,3.15584887185
205.059690265,3.01089314808
117.580807692,3.35386210298
91.3011401869,3.8953912377
82.4240093458,3.82699952837
74.380612069,3.62024169874
64.3977063492,3.47693448755
64.0032362205,3.29795704464
65.7786412214,3.04910091553
52.709746988,3.93135735147
44.2750083333,3.19554238545
42.2635576923,3.92313318053
41.3321391304,3.59261032246
145.170580153,2.36511357632
200.547834951,3.68272038753
205.725328358,8.44172001435
208.264280702,9.04453301028
206.851333333,8.24168665678
209.245811321,9.02340726338
210.576459016,6.46821848283
210.553949153,6.73403778492
211.8555,6.44163599963
209.3709375,6.2362674263
148.35454,2.54948617339
59.2248939394,3.06177682509
72.8701639344,3.26876887794
91.4171308411,3.68987424858
89.2788942308,3.67238681833
77.2640454545,3.68452451521
77.354426087,3.60815866204
66.7967075472,3.78477036331
58.3289090909,3.79963163797
59.533125,3.90492223449
56.2369433962,4.09678577611
60.2663092784,4.29874470396
200.906046512,5.58500292313
72.6947672414,3.49843268352
125.90193,4.02335267676
164.5721,3.67654446103
204.792059406,3.41124333684
215.39652,3.58302753278
216.758555556,3.3492160516
219.038177778,4.24536245908
213.3450625,3.82562233523
210.266231579,3.46447601104
215.037,5.41652952428
220.261461538,5.1980309546
221.191224299,4.24379075734
224.575533333,3.60271963861
215.149597222,5.16300000532
178.440513274,2.27970779612
43.6602376238,3.40149637347
40.4724444444,3.44956337025
39.6635,3.87721109031
38.4046930693,3.72583962949
36.7247363636,3.78372384663
32.4426336634,3.83711912891
32.0734736842,4.27933711254
37.2826774194,4.05570861028
60.9358461538,4.10191765248
67.7398064516,4.21331559799
182.485158416,2.82616830189
207.6548,2.67639650419
211.199946237,2.82445697959
214.5337875,5.00700040561
212.477141026,4.29979195482
208.153662791,3.19976962326
206.400955556,3.87892961686
211.732525424,7.77602403396
219.434131579,3.82383657994
218.272661017,3.57588787112
213.02112987,4.5216702769
145.227654545,2.58212632451
41.2593333333,3.71683033959
40.8733675214,3.61163687359
42.5094341085,3.33064336744
42.2868778626,2.96518716112
42.2413888889,2.68884683721
197.239981481,5.5736776502
203.135550459,3.6634953465
216.882101266,5.24636620791
222.412407407,4.1145088718
220.477409639,5.29194115579
206.609123894,4.05213255704
113.592549618,2.90018903847
68.7536666667,3.07510588023
63.4549593496,3.19314336271
52.8189685039,3.18979594258
42.4479565217,3.55698707642
29.6312966102,3.45223781508
29.9675327103,3.71237042405
27.4471666667,6.85944839742
25.5609506173,6.08703438119
22.6018958333,4.21420964384
19.9135508475,3.7454201101
18.3653196721,3.91375220531
17.4766269841,4.03598131157
19.4631578947,4.6858714939
20.8751544118,3.39915213656
18.3780927152,3.44118122212
20.831652439,2.80859353995
23.0707204969,2.40270876293
20.1684415584,3.01569190081
20.3563625731,2.61651982066
24.6435739645,2.54087758192
24.0970520231,2.43677423746
25.9779344262,3.60420369338
20.6738536585,4.53463851532
20.9881142857,3.45894748659
64.1858015873,3.15213865634
72.0253114754,3.42297576321
92.4001025641,3.36435566586
140.610075472,3.84307045174
190.187554455,2.99496082174
200.52940404,2.93555726745
203.582537736,2.71264336974
202.692763636,2.80334689773
197.017784483,2.71522784221
138.412016807,2.86437528588
66.9341239669,3.30377522563
51.117940678,3.36347805884
28.0811782946,2.89679010487
28.82909375,3.14443061922
26.4095078125,3.04965852671
25.9926140351,3.21008907251
26.0808877551,4.03844595125
29.5,3.36896421166
47.1418852459,5.46166197072
28.9144645669,3.04820923952
24.2117155963,4.14485504893
22.3197980769,4.43392011558
20.8678067227,3.92468030991
28.0206509434,3.69242024303
209.7005,5.6268094134
226.116206522,4.46667511689
221.571659091,4.7249179124
217.621015152,7.20712362987
204.217269231,3.31837086198
106.634701754,3.12633821099
75.4270841121,3.62873347466
76.1193773585,3.69035630761
69.2744864865,3.64494523189
57.9202542373,3.49098226735
58.6198468468,3.59834663611
52.6924513274,3.52004398881
52.137699115,3.46551237268
44.1264913793,3.42433230697
40.9740508475,3.38702438553
40.3692820513,3.53292685041
30.543612069,3.30203286407
26.1424363636,3.64829354936
24.3969758065,3.19533886249
26.4913576642,2.97386729581
36.233937931,2.67639564208
196.090462185,2.31569042687
212.60983908,3.61862578472
216.0547625,4.84062236844
217.444404762,4.42532723336
213.172896907,2.98748950944
204.266427184,2.86411323693
80.8280104167,4.33613504931
78.3736464646,4.22665412275
74.9241619048,4.11606327483
71.4803981481,3.96863635527
67.6634,3.92986409756
62.8167706422,3.86478795195
62.2137876106,3.76205922648
53.6370862069,3.63562147817
52.3804830508,3.53915818456
68.8530166667,3.2924373903
75.3618859649,3.46139942664
152.856915888,3.0938401698
196.629786408,2.7903504946
204.07889,2.60274311241
213.198108108,5.39804989241
217.141384615,6.51188430883
217.711837838,5.21987091308
216.751512821,5.18022459699
215.703828947,5.02496149335
212.165030303,6.55287742468
190.135548387,2.55413680883
61.6993478261,4.30250898801
55.622484127,3.3505843283
89.3335416667,3.4389645098
97.5123070175,3.65358129774
100.206018182,3.72572546215
111.308292453,3.94952415506
107.712288462,4.09631193784
95.297412844,4.01101555789
77.7173240741,3.99253619234
68.4835943396,3.62153737648
81.7672991453,3.30771534509
100.804876033,3.29877633904
206.417299145,2.7148704827
222.83215625,3.67982896966
223.588698795,5.20837873717
212.87211236,3.84760825812
209.967847826,3.28383842553
211.22301087,3.40609378347
200.911787611,2.7382399986
180.197491379,2.53710829155
62.2829752066,3.55303982172
48.722688172,4.50019987521
39.971056,3.48424684323
39.809953125,3.38234076159
41.0792741935,3.38240190926
34.2269504132,3.44974754661
30.4402936508,3.51562262789
32.3527045455,3.34998725798
213.675877551,2.43486597081
26.1618974359,2.51682481824
23.7577407407,3.88728683284
235.19483908,5.09494281464
72.521528,3.23779901826
115.393801587,2.93406645255
120.567155039,2.85879152117
63.0979545455,4.12334653828
36.8791666667,4.1405782393
58.8214427481,3.01112587445
76.013720339,3.69107844235
221.176721311,3.68582690221
216.546604167,4.20928509659
33.9802348485,3.11834572204
47.2502521008,4.99580259736
24.0540847458,3.5810072614
33.6408376068,3.61277581746
48.5567589286,3.49435029794
90.4032190476,4.09561174061
34.0506,3.62793074126
55.8740169492,3.55891973389
56.139266129,3.31665083988
40.4754672131,3.54266527801
123.565808081,3.86056977318
50.3810952381,4.17443619346
47.1546517857,3.36830603315
195.97163964,2.88512244951
151.003459459,3.16128266066
71.8544495413,3.9876232866
53.5889098361,3.20804116173
47.6183913043,3.65001851687
54.9172244898,3.96348440195
62.7569130435,3.79397186382
210.462728571,6.95494536325
40.7956347826,3.6648715875
40.4425315315,3.58286525881
33.2255679012,5.0021198028
27.0194891304,4.26427892889
26.297494382,4.55617959777
28.4128777778,4.98399621855
28.4218947368,4.1742347148
34.3633636364,3.1561685259
56.2078344828,3.06670849641
202.402324074,2.76533148504
214.119367647,6.44433193957
207.713197674,3.03136696979
200.167845361,2.57333085613
195.931806122,2.68172672472
191.96532381,2.54787076226
101.561705882,3.78202383404
80.9425897436,3.89155923837
80.1432521739,3.6515691106
71.7548173913,3.65747033313
65.1440254237,3.42239869213
51.4838661417,3.52394360991
51.2080833333,3.36527490737
54.2851911765,3.09593863616
58.6319618321,3.16102569114
49.1758440367,3.62773235039
39.4249911504,3.5437080982
36.415552381,3.574823427
35.3869035088,3.42589817053
41.9143495935,3.37030509731
80.8591478873,2.89846944267
197.548975,2.68608520055
200.841479592,4.15796637781
144.440226277,2.44056346491
66.8703561644,3.03104886863
41.2135766423,3.34512000387
87.6309931507,2.84956193419
79.089778626,3.20474438699
65.4361954887,3.11691572846
59.4129606299,3.18544315204
55.8792372881,3.45807256306
53.6396771654,3.19154882932
49.9712265625,3.14025533059
43.8346307692,3.31172433454
50.715495935,3.43071743302
52.8014871795,3.40253598254
46.1012241379,3.62246861939
41.9626116505,4.08574970875
40.12381,4.20588243421
39.6234693878,4.28207854409
42.7781262136,4.35949654566
195.961116071,2.35153328804
212.745693333,7.10083432318
200.821626087,2.64824404136
203.678947368,2.70865709405
196.783112,2.19842766835
161.317060606,2.5064612838
86.9577938931,3.06373909246
74.4506721311,3.1796311085
48.9197983193,3.42840667343
39.4167413793,3.55025500701
40.8647394958,3.39193828942
45.275112,3.4140646015
48.5648359375,3.3147680029
50.4555206612,3.36321574573
50.7509037037,3.14135202293
52.3810869565,4.39498692749
45.2614700855,3.38714460957
44.108852459,3.45300826591
49.7362878788,3.11238760385
72.4600955882,2.77789025413
111.495326087,2.67220739994
136.684948905,2.59734826176
195.499585938,2.14550995639
196.403563025,2.56729333157
189.511765766,2.75092081224
197.373345794,2.66745700419
196.050342593,2.89849247247
191.830586538,3.02683120868
192.463442308,2.69273391096
145.616,3.54649284241
86.3969292929,4.25778621953
77.0387244898,4.36593974868
72.1532828283,4.30493969245
73.0005154639,4.4056062628
71.319020202,4.28081792243
70.918963964,4.01719222004
86.4855794393,4.07618802917
97.0809134615,4.16321659176
108.281930693,4.09678673159
120.84395283,3.9022891349
185.272148148,3.02880582612
205.630155963,3.05903602784
206.162009009,2.67098866667
207.064721154,2.82568969056
205.105320755,2.61911691355
200.179142857,2.54595403184
143.829715596,3.0305591189
79.7853962264,3.74013815622
56.9525670103,3.93386029981
55.1184948454,4.01292422686
55.1733302752,4.08195225573
56.3334722222,4.12252941281
48.9769181818,3.89582989286
47.1938411215,3.67744123707
67.0848583333,3.33870152768
95.2624,3.5351701837
89.7811130435,3.52051630793
68.5006638655,3.31542413503
111.623062992,2.92365492284
192.884698413,2.18905284389
168.342154472,2.59942596028
106.7170625,3.23650984003
84.7334661654,3.21340430271
201.355973913,2.97552183522
197.5231,2.55462150705
118.301580645,2.97668684187
101.947368852,2.94934621302
82.7080396825,3.21379779084
66.9728347107,3.21430895429
48.1885916667,3.4917722502
46.4035272727,3.54605714292
43.3694867257,3.50547127677
38.8990810811,3.49320738885
36.0247297297,3.50021354206
38.7537307692,3.1976471379
56.1701076923,3.15005917044
85.0303392857,3.65617961421
112.726161905,3.77009459938
183.829135922,3.18930861629
203.580722222,2.96721262459
213.551415842,3.82525675351
217.995731183,4.99577184439
219.643885417,3.81386113455
213.379951456,3.20659574664
209.194571429,2.78925332563
203.831742857,3.09793117319
191.555166667,2.9383174712
182.134349057,3.17900003324
202.155880734,3.0172197265
198.461008929,2.74229075019
191.726845455,2.91207352246
105.269711538,3.85967508029
80.824407767,4.08360162748
74.3599320388,4.06739695155
70.0450865385,4.11837575334
63.9846574074,3.98886153353
62.7898598131,4.03954752753
70.4963392857,3.87157631387
83.9527948718,3.64070915753
118.657909091,3.70237874783
191.009018519,3.36579233715
203.796327103,3.35792459524
210.61338835,3.52129348594
209.650803738,3.13396805654
204.370728972,3.18393553904
187.968252336,2.8027650002
122.301669811,3.77405779902
124.864236364,3.59877269887
151.3616,3.53225326091
144.101681818,3.22832477239
126.77026087,3.37211516664
106.05437931,3.37496588542
79.1646140351,3.53342419041
79.820699115,3.64975388069
68.8726725664,3.60913302331
74.6465840708,3.67214083897
81.8174385965,3.66684559803
100.285462963,3.79453110362
112.570037037,3.84815582317
147.133572816,3.79380327908
190.416342857,3.32554375045
203.320514019,3.05595453978
213.178803922,2.98423577334
212.451737864,3.30422744385
208.211626168,3.13608446454
194.763955752,2.85064308925
143.907574074,3.42923892012
110.768421569,3.95864147458
81.0273396226,4.03830456542
80.9980952381,4.10215041502
62.1209107143,4.02587867154
61.5912155172,3.75606173904
55.1936504065,3.60115613877
47.8506068376,3.74753442599
58.2395092593,3.81247390355
45.7608317757,3.8776322367
39.3809823009,3.81754869195
38.7832809917,3.54179204886
47.4879772727,3.11755032224
67.900968254,3.15670691282
75.4402118644,3.46650505488
77.8294956522,3.51203750944
75.4450431034,3.53733724431
118.738586207,3.05486027496
191.656844262,2.37185518608
176.743573913,2.41491262463
67.1746434783,3.40428836447
51.8849369369,3.73590299711
47.3321666667,3.49158072152
47.6689009009,3.44181128667
54.9075322581,3.3318431528
58.6331282051,3.5033506312
58.4738803419,3.5485393061
55.0738898305,3.51744716621
48.9593017241,3.5119594418
51.1081869919,3.39436229013
50.3743333333,3.42022199957
52.502974359,3.43156613579
50.4326890756,3.46969774342
45.548312,3.3577571736
59.167109375,3.20182729031
67.6381260504,3.33324395607
128.174401786,3.48638845115
206.4875,2.78425642828
210.480786408,2.90800117185
216.690392857,4.87260154615
213.601678161,3.39303049549
203.673584158,2.88285064169
139.974621359,3.5370176491
76.2198543689,3.99806690861
64.6097857143,3.90625968198
