208.742781759,3.44312510137
191.037673469,3.58582910035
158.54397786,4.54201469086
143.278599265,4.96291927539
128.678992982,4.93812193354
119.284552901,4.74603723049
108.74930363,4.58215767229
106.371898361,4.48783277007
105.299566456,4.35039065969
96.6148981481,4.31148528566
96.2355974843,4.32798359716
120.470458967,3.83975775841
180.714139818,2.94933403802
205.539045455,3.55891385511
220.80257874,5.57543343579
231.383876364,4.93382584715
236.289336735,4.7618576613
234.013640777,4.74311872145
226.557675573,4.89024742039
213.450380734,6.25021143206
158.810006369,3.36304838008
139.286144262,3.79438019137
116.74080756,4.50021246979
117.009462329,4.45390104613
146.885815331,4.4430124938
141.870814815,4.8270574033
132.253593407,4.96411719593
125.430340659,5.09194126389
118.963677419,4.96353681874
112.043731788,4.60639815537
108.047788961,4.50726655825
97.2131873016,4.43769433455
87.8906439169,4.13423017714
79.8416138329,4.05767075354
95.1734325843,3.8643274045
214.632101887,5.13484955881
221.283215094,5.06150633544
219.309609489,4.92508243857
220.287585761,4.44355898956
217.815384328,4.91275604939
164.802319783,2.71303585439
98.9766289474,3.4630311218
81.6307744565,3.70738031375
111.953154079,3.90383253627
131.197216561,3.9974719211
132.594980066,4.34726677306
113.803475248,4.51954786492
127.14286121,4.80966497655
113.895040956,4.70028969162
111.899318182,4.95212988481
106.633430034,4.72675546848
100.576147059,4.54750987622
104.469929032,4.44742695224
119.9760625,4.15238713305
181.431799401,3.10123753803
208.626883721,4.17643439668
230.161867424,5.03887497791
234.104996466,4.86091157301
230.906916667,4.88050006903
223.432820896,4.88832799223
200.607893293,2.99602078964
88.3038960573,5.16388250939
40.6492654639,3.54390402988
41.728435,3.45384949179
34.8895264423,3.35133676483
34.1478726415,3.22499510919
43.4723501199,3.27923657309
65.9204973404,3.75187391216
72.8701704545,4.06784712602
74.1675730994,4.29033083072
70.7749255014,4.22698238828
64.8213559322,4.09231439004
58.4285945205,3.97524690162
61.1908532609,3.88904835138
59.8501950549,3.88530070584
68.6610195531,3.86206356514
114.637233516,3.35558560482
218.030766284,5.015487686
221.977343949,4.34804270319
220.591666667,4.33424946952
166.913188791,2.87222504699
66.8937975831,4.03404952949
54.930012987,4.28362501528
50.8471875,4.32543110729
48.8214731861,4.37163703861
50.1087480315,3.99650055722
72.4582169312,3.70952412961
91.1298648649,4.13357739651
98.0720369231,4.11740739052
91.5012908012,4.21917976287
87.5275313433,4.18181395382
76.2747083333,3.93557959594
68.4235054348,3.78280720505
61.4478679245,3.82198385132
55.0103393782,3.77539628571
54.1867880435,3.85369374621
53.9756621253,3.7556223674
64.8886792453,3.59161994703
209.258017021,5.74920101929
214.758495327,4.06593133926
205.037859649,6.17426512966
55.4417827225,3.473149313
34.6694689266,3.80516296984
35.4421643836,5.60164031328
30.6113916449,3.56262643542
28.1446020151,3.5382008326
38.2618422222,2.95888839159
39.0057969432,2.9001339821
49.7518125,3.24465975951
67.0980576923,3.98849430106
71.4197228916,4.39096989293
65.0582090909,4.41947603218
60.6828840125,4.51687752015
62.6524303406,4.24464464415
58.9208818182,4.1364659251
50.3563353116,4.10727151466
47.0468670695,4.0588618816
47.2246657143,3.99684921887
104.758371191,3.26631271182
209.17281,6.47765360785
201.713566667,3.05781966535
207.571604478,5.64483987782
217.085691057,5.71735423362
212.816180672,5.44816417841
211.463304636,4.42355129207
212.518668675,4.13905205492
225.927920792,5.67207824318
210.848959459,5.8500604954
214.974236559,3.56933749814
210.549873563,5.79333357123
85.3531375358,3.66461231637
60.475227882,3.51873766503
39.2203756345,3.22013810336
46.5034589235,3.87613568059
51.7736935933,3.78380785228
50.6313403694,3.66487366421
161.566338235,3.36270959521
43.6428412322,3.28937152108
67.1817114286,3.88566559703
212.575725146,4.04057387836
207.167698925,6.45142572807
63.2523524355,3.63281650192
28.8937416413,4.53282392469
29.135871875,4.73331146623
24.2311457801,3.76232562064
20.6868682505,3.21155739292
20.4654475983,3.19341051496
22.3151270208,3.3929439255
23.7277587131,3.87500118364
20.778940367,3.49898573219
34.6553747412,2.55942001021
37.9124188034,2.81633639159
39.8196728972,3.24208915509
48.6397565445,3.61250137785
50.6815174263,3.59912600329
44.2945907928,3.47355642169
42.8795184211,3.47366826799
71.8565552632,3.26697698185
218.600111111,4.22568445932
43.5908954424,3.60135628876
44.467859116,3.59799169892
220.980613497,13.0221377837
207.461302817,4.15153701045
23.8096525822,8.28806086595
26.44716,29.9062770043
20.8751171875,6.19564816133
19.7860378549,4.34725123745
20.3612906667,3.92138636012
21.8221407407,3.52243314166
33.1477844612,3.31512276977
33.9519038902,3.0833784022
50.6380722543,4.1124800022
60.2785841584,4.30957065681
57.2756504854,4.20770868437
56.2341265823,4.22069012633
50.1133894081,4.17279662001
54.7795527157,4.17280157514
96.4203322981,3.63553091927
200.038667954,3.95103678196
218.581851563,3.43976460727
237.689163043,7.92255800716
236.697260274,10.2441654198
221.229099196,3.51809594346
200.282170213,4.64829122419
32.220130597,5.19123946713
44.4887146667,3.84435378
41.4026725888,3.45828163703
47.12602267,3.35186054129
49.0009707317,3.25804032121
51.7199648241,3.34312766363
42.9717821522,3.44932426982
43.4838243626,3.65826022949
38.4036206897,3.57938545497
35.616121372,3.57359924893
35.9931005155,3.44666409825
38.4969182692,3.25333349395
39.2487883721,3.14837435105
42.8047743468,3.01844600511
76.1930022936,2.84187567054
224.916786885,16.1760838634
32.7460649351,2.93084084222
23.2338183673,2.85485206005
42.8297032967,3.02973400956
217.158903125,6.12895942184
201.521381679,5.79337639354
29.3698076923,106.234697941
21.7689784173,7.57459868411
19.5191719198,4.958894133
16.4579392523,3.44239178884
38.9307714932,3.1733185755
50.4337434053,3.11586609662
42.1959107551,2.96074371223
46.5747267905,3.2803046125
58.0400106383,3.31043506071
66.8507951482,3.4637866373
77.7512945946,3.66040836968
94.6363226667,3.44169682064
122.516761394,3.2561531665
192.35637931,2.8863859773
219.512689498,3.09285493118
231.678081325,4.05492662677
242.47383,6.34494170927
187.235565341,3.5271547077
182.371621083,3.41883078549
235.046114815,6.08221345348
214.935169643,3.31343428573
55.9896076294,3.5782708149
32.8675578035,4.09852136576
37.6914393939,27.2996730944
26.3334668508,3.70065487504
24.6270429594,3.14303786146
22.2168325581,3.19940115601
21.2721994609,3.71237900002
25.6813009404,4.40898557989
40.80425,3.97425653196
62.3547062315,3.92166644752
68.4888136646,4.06721038172
72.0866595092,4.14228720452
75.7642830769,3.94782207726
201.962271777,4.37186039218
214.636722603,4.54204971744
219.319652047,3.96041895078
229.092497942,5.10052749137
238.325717391,8.27199130649
239.809888889,5.30563147198
240.399228188,8.23568037528
225.243965517,4.57843748702
211.688542857,5.94574780487
55.3673519164,4.28597861465
51.2559183673,18.9798458397
40.8656836364,4.92671727022
40.68903003,4.29643820514
43.1525354331,3.90068188805
44.4990890052,3.89235794333
46.836707124,3.89717802539
55.3455292553,3.68606217523
71.0255246377,3.75982447983
67.367008596,3.69676966187
65.7638624642,3.66123789241
67.8908842975,3.37332936281
138.123067935,2.71512669923
223.544650655,5.61111206755
123.033866242,3.7078109394
30.3834225,3.23431804151
22.3328004484,3.04727132765
20.2207477064,3.09442725308
37.0594501608,4.49757473692
212.06191129,6.62312610896
56.0041214953,8.76461624424
17.0079418605,26.3872950634
15.5380393258,11.9196441945
15.2724292683,9.69554948615
13.473937931,5.63275755245
13.8437357955,4.49353778724
14.6044658824,3.78918765536
15.4938005319,4.26966518618
17.9880638978,5.84619810142
29.2054326648,3.56912005349
39.5707791563,3.02105468831
53.4924519481,3.28880743165
211.216407547,4.9909173301
217.298030952,3.18068683865
220.955284768,2.94093514928
225.287800532,3.28937076025
227.875996689,4.31491609864
229.585624434,4.81185778327
225.679826923,4.50388228401
217.206101695,3.18153977235
208.529042705,4.56641520897
43.5592767624,3.35793290006
23.3724092527,5.94877318065
23.1786614907,4.54874045402
22.6701304348,3.70470913691
22.9439646226,2.92152322898
27.8620457831,2.95400674057
37.9164882227,2.79368194892
46.5041703163,3.2000906495
55.766217033,3.67558799428
54.3226852368,3.77788191298
41.9317010582,3.70954008024
41.7481609195,3.85158123752
213.660105455,4.34730488001
216.734692308,3.60239082876
221.518606481,3.28439811388
224.742620853,3.2683717878
226.073215777,3.21809135136
225.408576733,3.47993678777
229.874627027,3.71070596631
228.831649231,3.93520611463
218.921003704,5.20609519507
189.957520833,2.39269731749
69.6644193548,3.67387121881
65.0850314961,3.62011977915
58.4208410256,3.52428334632
57.4397165354,3.53110751599
52.3251294416,3.51056530687
47.1517125307,3.39871972501
43.0406029412,3.38508927546
43.5155419664,3.34316177351
96.9045731707,3.72173379768
178.901935673,2.57529549643
216.777806202,5.01107885786
222.156312704,4.39525893605
222.902217391,4.27683923749
219.665206897,4.48379089655
212.825,6.12463414627
200.28332,3.61261713877
115.593662469,2.99718282627
76.6578312655,3.27938840433
55.784030303,3.41408794804
42.7615821256,3.41023465446
238.932338129,4.01074910518
239.529284866,4.00994806761
238.425256173,4.18679734049
232.031103448,4.32301127241
224.185553506,4.76295750628
208.503786713,4.58397063009
115.933756098,3.29365299364
59.5636016043,3.70441956458
53.1048545455,3.55228978197
79.2026721311,3.71649228851
63.0557774799,3.76662789235
66.9709607843,4.05322681029
72.7207605634,4.04446928958
62.5248179191,4.25113739731
57.4251707989,4.06548664617
57.7910249307,3.99557549288
57.0546604775,3.84720663159
61.4444671916,3.56954267169
72.9301657459,3.63379378318
121.857673077,3.39582161445
204.115621019,4.05418555336
222.515516981,5.01631702869
229.237880952,4.03300327993
234.569063768,3.92471614903
165.739986577,3.87946011205
91.2643483483,4.16302972478
101.776351515,4.05371927972
129.759536364,3.81006365803
192.418503012,2.77124712109
200.908625407,3.43944194452
225.793235075,4.91885009409
229.530867384,4.87540382338
232.833896341,4.25347198365
235.237745763,3.83949832261
238.908654762,3.85738436391
238.56892378,4.03144032727
230.085311239,3.96174433246
210.716267442,5.15261490555
43.2689526462,4.05081804976
38.4601294766,3.93083861894
34.255526178,3.49409528574
30.1063513514,3.57964065811
29.1923816425,3.44310498619
25.8548774038,3.26579584194
25.8771937984,3.45441514269
25.0095733945,3.25534918816
26.3653977011,3.21926468226
33.9847008547,2.87763252512
45.4739354839,3.46608635839
47.7530782828,3.55453608777
51.6677041565,3.41556681019
54.6695179856,3.22619234254
75.8412597087,3.02715237259
201.673030651,5.25544885654
210.051443452,4.00998546893
212.157517162,3.1932071088
209.710175487,3.84521857388
201.344244526,5.46515152294
35.9586794582,3.04080101146
35.8045921376,3.23442897346
34.5726593137,3.1641920143
32.1755304136,3.1096806284
37.7234099099,2.89446803053
40.7237392241,2.857658412
44.2950275862,3.0404174324
41.7275661253,3.03333015342
42.7551221198,2.94145637602
54.1467333333,3.53864622764
62.7241061453,3.81955967361
58.9600187166,3.5767230042
57.8822455696,3.42842924094
86.0335377358,2.94553111452
159.850810298,2.62179349006
209.639229075,6.12205582993
213.468256983,3.69316631945
222.500707729,3.31844925234
234.30475,3.41890078716
233.355402089,3.34030272254
223.781683951,3.4071792083
215.037015267,4.92122446234
112.656289604,2.8743618328
67.3689836957,3.53377479997
61.402638814,3.59020061994
53.8577792553,3.60398175561
44.227919598,3.47235922794
40.0561028037,3.30869479245
37.5692853717,3.30669113485
35.9924986667,3.68214681201
53.3776025974,3.47079986857
89.3857358491,3.51576047202
114.049043478,3.38263512759
122.114013298,3.20990919332
141.945034853,3.00026857633
206.562549342,4.36988664266
226.743860714,4.91279023513
231.501400673,4.40654591775
245.166947883,4.37330566982
247.118328358,4.03075493689
247.76826087,3.97427239531
237.432770667,3.77194710063
225.366961538,4.28100096678
205.59972997,4.07853490496
92.6966207792,3.37546249829
64.9674278215,3.60046349017
52.7520077519,3.49825645376
48.4431005155,3.45665448468
38.7148363636,3.50901249122
31.9756298851,3.20873083337
30.0605770235,3.58640980978
29.9406789216,3.44032453654
42.8787828054,3.03458972446
59.3452775,3.35544118526
142.705354749,3.34556124732
209.642889968,4.12002543823
217.29781388,4.41934703595
228.920750916,5.09733199316
231.075620438,4.91739431734
231.081884488,4.6025174841
231.427666667,4.38709392006
231.421721763,3.99187248994
229.103793478,3.92940541011
222.919365922,3.9701590412
216.98662069,4.94124277294
195.844577348,2.78052925735
70.9437641026,3.47357916392
52.8093734015,3.48604975546
46.724157754,3.55206292809
41.6208833333,3.98842232018
30.1635839599,3.60310547117
28.4198493827,3.545231578
30.1861105528,3.73766522104
32.5682978208,3.36502771977
34.1659090909,3.32802452632
34.0886121495,3.24096392115
38.1262834821,3.00102034172
39.9800556793,2.95151840684
49.2333255814,3.08033546633
57.5514421769,3.06157917365
112.834483092,2.89275275259
203.492127737,5.55081512579
214.098981873,4.15080611259
217.03576644,3.14560957624
220.093650831,3.21664464982
217.923535632,3.09132850686
211.910457711,3.27909460032
203.869417778,6.28775026531
33.8062352941,3.51236385759
30.1535135135,4.35560256093
26.4769217877,3.65993415908
19.1603175074,4.84957892826
17.3227286325,2.96342856955
16.6108914729,3.70865048657
16.3707058824,3.90482484529
19.4959970326,4.81159210856
25.0408849105,3.61382463761
28.5302057292,3.41368598227
26.9793649635,3.29451265868
34.0725547786,3.22292014908
55.6377830424,3.25279196686
199.524782609,3.20031725816
217.203411538,5.03344962085
220.56703886,3.62141193128
226.408939227,3.69179975713
228.413785714,3.61629144615
223.010076923,3.41162560761
214.653614833,3.15252794598
206.900695876,7.28702191854
35.014148688,3.80467267564
30.0917193548,4.41221834311
25.5967559322,5.15870520773
24.5933536232,3.73603264284
19.360314433,3.46088143947
18.04659375,3.32462952911
17.2756976744,4.83530925051
17.4827515152,4.84211977341
27.3205181598,3.12717379563
30.4275898618,2.77603212143
36.3129071926,2.88636042634
45.3334122137,3.27020830889
55.8384342432,3.11179844604
71.7091343284,2.97257754465
199.466601286,4.12825707245
214.393302405,4.49260075845
222.018378667,3.56497905845
228.972047904,3.62122188516
232.555206294,3.87964210763
227.749671554,3.56502677841
222.700191327,3.52414735753
165.858384181,2.93165585145
63.0097280702,3.78206593579
58.7734017857,3.95248534571
60.5673510638,4.3401245613
62.1936966292,3.87705732206
70.0131873199,3.8987684939
86.9909509202,4.21019850773
97.3261214058,4.44083687828
93.1442531646,4.42138564344
94.3318944099,4.21999321724
93.8158623853,4.11561719807
101.264018072,3.90641287874
114.693442197,3.53923260849
185.252339181,2.56595081238
208.108096429,5.22484912421
222.267109434,4.61451261055
223.847108466,3.65012276255
226.055935961,3.37155781821
228.716838527,3.50832218956
224.245347692,3.70733485503
211.180488764,3.65312389673
173.509507937,3.42090145383
33.270245509,4.26660116097
31.0312264151,4.06358865293
32.4577071429,5.26316848251
24.7973293051,3.9412934952
21.6894457831,3.98571524459
18.5694300518,3.6673439443
17.4969759358,3.72258204918
21.0941950549,3.78955895145
25.1996029412,3.51713436186
29.0104210526,3.3189948282
37.5460568475,3.47366209462
50.3103547558,3.32463580179
81.1675917808,3.4294456138
169.580975138,2.66412066305
206.896405498,4.99259870792
222.767015444,4.67145872333
222.085070336,4.22572248823
223.467602305,3.91504777663
222.520670103,3.49511536152
218.71458377,3.58433656666
213.466638514,4.51685596703
160.239582857,2.93258756535
44.9745418994,3.62650279631
38.5797777778,3.80309768285
35.825271875,4.74131728664
29.9563105263,3.60594685109
30.7673779528,3.69829545731
29.7332216981,3.40374339109
31.8013449074,3.20036729252
36.9517122302,3.25906980778
43.4211096939,3.41251636988
50.8276581197,3.67197179957
50.6904092219,3.825424407
48.8276487252,3.72384910594
51.1311516854,3.56196380474
124.725364672,2.75086599243
212.965064309,3.93609880937
215.387604775,3.58712064941
217.496222222,3.33175015725
217.471165803,3.48305606898
212.604339523,3.51429845635
208.602012931,5.74911927947
132.695281159,3.22274618001
35.1316164773,3.66514273524
30.846625731,3.68724705412
29.5251988131,3.74711273565
29.5861761194,4.42279656027
30.168638587,3.68871225728
31.5511764706,3.51771363286
34.1528113208,3.27457904185
42.9755432692,3.24337068864
49.680121134,3.3896941571
65.3353224044,3.71056206915
70.562698895,3.79754710331
72.8377486034,3.68893826941
125.362637883,3.14086715604
201.491568182,3.82220057103
216.784589091,4.54800665094
221.985424324,3.5189338037
220.477290667,3.44149611689
217.1926725,3.42638433157
211.651107969,3.59205836824
205.591567073,7.87425394061
59.5107109375,3.28978967576
24.2176287263,3.54376369412
23.537130814,4.05809637819
20.3305730659,3.68095659731
20.9042046332,6.35648142513
15.9366858006,4.19234177349
15.0932094241,3.47881295099
14.2874234694,3.51659319794
14.3140795756,3.74497576981
15.1022521246,3.75958744251
16.7580936556,3.97925243383
17.8745635179,4.38882549897
23.3876084656,3.3609764184
29.196393736,2.88125649877
30.6299022005,3.10857488926
191.452288525,2.57953741095
205.599602339,9.03867737183
205.981101796,8.43338452544
204.592601064,8.10468965874
63.1362173913,3.30711015795
28.9234031414,3.74235450362
26.9166915167,3.87079094737
22.6095864662,3.65087749095
22.8315611702,3.75828449885
20.4349888268,4.11864154338
22.1725487365,4.98126804416
18.8315472222,4.28143196851
19.2028767123,4.18144980121
19.1307,3.86475163197
19.6371434599,3.2953050792
20.8923492723,3.06249505312
20.9446625259,3.00901295746
26.5138950382,2.58217931319
46.2324803313,2.69659677353
63.2666108491,3.06469468198
198.505153614,3.00628931371
212.932461847,5.94266225383
214.338757042,4.74949644196
213.202719368,5.36399392131
207.4432875,6.80563292696
169.252210383,2.81738399286
58.5101171367,2.91395256246
34.4267809111,2.95257699197
35.5210350109,2.95351703858
33.0668726115,2.94584046142
33.9173842887,2.90457996762
42.4867511737,3.20436709093
53.8164764398,3.52176811196
62.1519017341,3.93571276293
72.5930377358,4.30048056323
81.7904064516,4.54656243664
75.4554415584,4.51867217809
73.84815,4.45641257485
68.4302469512,4.30898896147
69.4330411765,4.1770335489
87.5964005602,3.66603722989
141.199546742,3.14153868664
208.606409253,4.53568603222
220.130457912,4.58127160847
221.755241692,4.08407151499
217.388781046,4.29504695254
215.462059055,5.55302700996
199.673746914,3.60016827862
77.9086852792,3.39549183667
57.9609628647,3.75006866409
49.2401778976,3.89161797485
45.975945679,3.57533548407
45.0658840909,3.24928348086
43.1367427938,3.14783866156
51.578655814,3.16674800756
75.6271891192,3.45822964307
87.3313705722,3.76106573388
95.9875702006,3.95436884106
94.2487002967,4.15297979381
91.8589713467,3.8169125542
106.333412921,3.72253018732
111.293208791,3.61877949057
145.154067708,3.06195108655
210.164458042,5.41464335018
222.478403125,4.11388142083
224.853186528,3.56304892434
220.177142857,3.67858444273
213.748625984,5.22971663824
142.733603365,2.64484964626
63.5191311881,3.19735263311
48.8807190476,3.23122208348
46.5759114219,3.16997262294
39.4292100457,3.0930016452
36.6071626898,3.02454301465
30.9613276956,2.93389273422
29.4077089337,3.76645816842
24.0831047228,2.97959996609
25.2123434783,2.96792531024
32.107614,2.68222096502
60.1470456621,3.1324726887
94.5135725594,3.50741820522
75.6084494949,3.38697127863
76.562497561,3.19571210413
103.438698254,2.9972835716
204.947991228,6.69497936207
215.441762162,3.54328320311
221.465608696,5.10163778039
221.065105263,6.03733592631
209.972982196,3.30909792452
41.0354077135,3.45188746147
24.7640872483,5.35193254515
22.4113131673,6.41110770894
22.3473629893,6.7332781732
21.5889159159,4.43932592793
19.108168,3.91946679896
18.3369186813,3.20439657675
19.5397197232,6.08693425616
16.8984387097,5.10185238939
15.7027293729,4.73738344536
15.8586424051,4.56816017953
15.2623037543,5.08547189441
26.9486655518,4.26544930792
43.7618309456,3.74084764864
91.7558469945,3.17010632003
204.485637931,8.84848827711
210.143644068,4.18510306274
226.168036913,5.00956349677
232.049834146,6.26858173579
227.307677686,8.14266202603
209.245478571,3.7933137278
29.2575552632,4.43908965128
24.6151614907,5.70777693539
26.4720958904,6.34898609819
28.380310559,4.5534837305
27.7111856764,3.24984250256
25.3311703163,3.09630219407
22.274747549,3.27172556714
20.0008783069,3.41687475001
20.2607834758,3.71658408367
20.2939619048,4.54069963826
35.650025641,2.75918160795
49.4138159091,2.96857427391
39.9218763797,2.9907393672
36.0203119658,2.86168970317
38.5353662281,2.78021033068
91.5637153285,3.10424802783
208.862538776,5.81338731894
223.382532995,3.45668870878
224.914679878,3.70587899518
226.350338983,4.19239746992
217.12085872,3.07830397506
207.144307317,5.15983028031
33.3307199017,3.57285692049
34.7871741425,3.84867733175
33.987952381,3.68720396867
34.9202762431,3.94328201756
35.7792479564,3.93192047927
38.8673878116,3.70705363022
53.7542122762,3.43921323655
51.0043413462,3.26223346333
69.6766487936,3.50368939414
76.3440914286,3.7779218138
75.3211657143,3.83657278504
95.3539155313,3.59674747064
176.104527174,2.66489358474
196.463077562,2.64149175291
209.661086806,5.07501250295
215.890064639,5.13371499033
218.620930556,3.74053844326
231.142302778,4.27266474677
244.794641618,7.09943960144
239.165731132,5.70672975318
234.459303797,4.48507007628
218.093213333,3.41884735872
143.401755844,3.26220465754
47.782195122,3.59888865979
46.2706695402,3.91674940832
45.8005571429,3.81342391183
42.0010232558,4.17910173249
82.1766745283,7.65382522664
113.524929412,5.63182987118
100.589860068,4.68381821431
98.0109966667,4.56306570928
86.3223921569,4.48000363288
85.4704223602,4.393423122
86.0071081081,4.05658002373
114.032106936,3.67810963686
165.937909859,2.99752880704
207.401964912,4.50513437293
217.47625283,5.26403093927
245.256476048,4.02305627743
256.609886154,4.25265438315
264.236770764,4.40340912489
253.60606192,4.27081637883
242.44660423,4.22242741462
225.908964912,4.79877469729
193.438273438,2.71869682492
88.2695770308,3.62609133083
73.6298832335,3.82977247354
69.4021121212,4.05287545396
49.0246547945,3.72154805527
52.619763587,3.67850013611
68.1065591716,3.95051649298
72.0114030303,4.09254564413
78.7282180685,4.18806624351
89.075031348,4.27181617249
102.197029605,4.45981032756
114.349030405,4.43007564681
134.819699324,4.31329373675
162.592529801,4.18283865674
192.014104575,3.60419980905
212.030775168,4.18104164894
234.92922807,4.73110945736
245.71921131,4.12367824079
251.813145062,4.04658052445
249.161952077,3.95422599567
237.107620397,3.89223787276
222.943666667,4.08102666823
117.88171164,3.33404724637
55.1285644699,3.75286071144
31.9824781553,3.29754154332
30.713789604,3.45335346546
28.9279228487,4.30072609334
28.3593897764,4.32076539844
221.458970968,4.21547220188
218.611465517,3.64183559396
224.397569405,3.72606112579
217.486155807,3.53880557445
220.644448,3.59627880686
60.3248513854,3.02934949778
120.502630208,3.23995585043
69.8697643678,3.91415935772
103.789157143,3.79995180042
75.5363258145,3.36587268926
15.5339371069,4.58660985035
18.4614959786,3.65021767051
58.4651454545,3.38134769534
126.007070707,7.40369422386
59.8121326531,4.4186646402
41.7918551724,5.65850413402
30.8440586667,3.69623934311
26.5439319899,3.65184336491
25.2732103896,3.74261696795
24.0405251397,4.07373822971
26.2255459941,4.53280510325
24.8108360129,4.98472470258
23.9005423729,5.0052599271
24.2227965517,5.07872814513
22.8781484099,5.12247467
26.2884503106,4.58146182223
175.803950147,2.78987965236
221.011680769,5.98665383114
239.709527132,5.35622267575
246.682879433,4.93328794137
250.812899023,4.30695823375
249.579424028,4.28185096769
245.986855513,4.57373897832
234.467683502,4.04795821443
218.909271468,3.75051135521
34.7343012422,4.50767994463
30.2735308219,5.14484361176
29.42671,25.5154767066
22.8983046358,4.77845278338
19.1962203857,3.99021688498
18.1858410256,3.76968576977
21.60875,4.57980687225
17.9745266667,4.6885696352
18.7276217617,9.51915275548
16.4555542169,11.660592927
17.4028909091,7.16940517021
15.6630268199,5.9616517807
14.8812689394,5.96994350665
15.4650342466,5.50400796607
21.2694275862,9.26113080381
25.539654321,4.43217245664
203.205578947,6.42784125379
208.692054487,5.38647788529
217.141594937,13.8604300084
167.645725146,7.16587060556
205.359789272,4.27546644062
37.2843612167,6.75730283935
17.4988686869,10.2219610906
13.8960684932,13.8113253262
16.1281818182,11.0516042935
20.2801666667,5.79988926851
22.3876256684,3.89315307261
21.4343318284,3.55142169285
31.7154677871,4.15550525873
38.6376394366,4.23501667899
45.3422432432,4.12372755153
44.5307981928,4.10853967836
40.7343778409,3.82878565292
37.4933527697,3.84321293162
38.8681108033,3.85136208904
82.8173333333,7.96443358527
22.1330552326,4.67074631243
20.0220645161,3.58327386061
17.4732400794,2.93086819921
17.0258503788,2.69418721187
22.5267734205,3.09850756559
26.5217620087,2.81723462428
34.4316333333,3.25318733405
38.0755036496,3.11769337891
44.5117149877,3.12847397591
193.194367953,2.98203642022
222.167412141,3.7234157459
230.603670025,3.40221629326
232.913948276,3.35440971541
229.447580097,3.40756371098
221.256026954,3.7690163862
216.201970968,4.30933040251
213.422916667,5.13417842474
203.713308605,4.02973211559
178.510915789,2.62999030906
124.584151194,3.3971110401
111.613570667,3.59136394294
113.685806061,4.10268880743
105.508852665,4.3384578729
103.129743827,4.39735931615
86.2346954023,3.97091319273
77.6543982558,3.9331683777
72.4350462428,4.01353857926
70.1882711864,3.89210600302
95.380270195,3.63358561794
179.141244253,2.8270481117
211.762059441,4.93585914165
227.983215094,5.02366462708
235.168842105,4.55151063937
232.978705036,4.75503189803
225.446875,5.06163988028
208.150974684,4.2455448043
146.183881313,2.94954757418
111.244659686,3.39160211315
84.0248795812,3.67726553239
73.0426535433,3.71330415281
66.8609186352,3.74282639916
70.1083129973,3.71231634227
62.6496881443,3.51791658771
55.3717885572,3.43690581916
191.437960573,5.34972066938
214.199518987,6.45835787287
210.307385768,5.69441148383
199.639718475,3.26339221107
146.732336761,2.77920532486
80.8079556136,3.53096801335
69.3432783784,3.77743745274
60.2945485564,3.68717654134
53.798873057,3.61703174707
45.3151704261,3.61617332345
44.6897275,3.4705361458
39.8452670025,3.51712870957
30.8536484375,3.69327333522
30.6974905149,3.84430031382
28.9576225895,4.11221167938
31.1084076246,4.39776358021
39.901313099,4.49265850195
44.5554630872,4.55568801864
49.1965633333,4.42911582088
48.6398433333,4.3314238625
127.444340299,3.18486784798
209.736368932,6.38915799946
214.385827715,5.18163085609
209.936717608,4.90949836982
194.140713137,2.63758604224
120.26151715,3.35084785312
79.897338843,3.846837955
69.9581740331,3.92155644916
63.6121711957,3.97609038421
74.8201717791,4.44572033122
79.5396297468,4.45762305238
73.3726987952,4.30748021694
62.0675830904,4.13410097725
58.8199912281,4.01800704635
55.0251156069,3.99158316597
53.8804330484,3.83816772717
49.0430652174,3.76127368645
44.2313509749,3.73067769983
40.5950490956,3.47644249021
38.1026418269,3.35573438449
206.034045977,6.92542863006
208.561182796,3.80318162171
206.417917241,4.73688842516
174.540088561,4.98427255814
24.4956906475,15.2396389619
24.7770694087,4.01259208838
26.7509929078,3.52703876045
30.1040944882,3.69435868742
31.9748032345,3.9741548434
54.0672738095,3.12805620665
202.860312883,3.39806355682
218.389363309,5.39899467412
226.62970297,4.3830767158
237.862562914,4.39619109347
243.421740132,4.59109947537
249.607133117,4.5146125037
240.316554598,4.01800019186
230.662625654,3.72004592309
221.213247312,3.66415726902
211.890844828,5.61909971883
29.9559410188,3.50567440697
27.7667257143,3.84457259084
27.739694704,4.78680897998
24.4424805195,4.0802853402
28.783620915,3.05569861597
30.2225406977,2.6024822796
38.7487785388,2.89746086321
38.2014449761,3.11065188924
41.8307364341,3.38281995144
34.3332458234,3.23970350147
36.1401532663,3.37814310601
37.3871128205,3.54128644196
110.500722222,3.10944387144
177.017273256,2.62440729657
199.215684211,4.09287116618
203.784495146,8.06779169362
205.761627027,7.68840600512
207.16640303,4.36669148954
209.562207493,4.00204815092
208.254048951,4.79732215972
31.286512,3.88162406806
25.4809269006,4.67326898259
26.3801398176,5.03373270727
26.0267795527,5.25199907443
24.5720787402,4.20089295814
24.9400026178,4.16671590325
23.1492103896,4.32373028681
25.868674221,4.63051014333
27.2033489011,4.43671685891
26.9443962264,3.6512759342
31.460185567,3.6608382756
38.2410121951,3.35258041606
39.7639143577,3.47000176865
38.7597254408,3.53452996991
37.3975233161,3.54823674666
63.0643846154,3.31520908658
186.805926154,2.79225112377
206.323222222,7.41411003202
209.657805085,3.73106777957
216.979486264,3.48650916862
215.942439252,4.54359752218
209.377615196,2.90549193757
79.5626088083,3.80698868799
29.7694893112,3.47260675843
26.0940497382,4.09869984277
27.2446954023,3.8073252601
27.9452749326,3.5184007291
26.197735023,2.96159847534
39.2395283582,3.89232021952
86.6554786585,4.04037589591
96.6791987768,4.19608348616
85.9535507692,4.25939006611
68.8860213415,4.19902398939
62.1503072289,4.2352887756
60.8999383754,3.9468803173
67.6252258065,3.75626902727
110.464258667,3.22038408534
183.871767241,2.59539432418
207.042766129,6.50841418006
209.270078261,6.39734431245
211.272522422,3.2158546405
209.806371287,3.52707944389
206.266631336,6.43333766007
53.0906944444,3.25987782028
27.2739568733,3.83891813252
27.0705581395,5.78388365684
32.0952402235,3.86049592374
40.1818681592,3.14416624398
48.8977196532,3.73788453485
54.2445015385,3.93794002198
47.6313102564,3.45062980519
47.483281337,3.64495510714
45.1111709402,3.77556693987
39.8157842566,3.87760204025
37.5746295181,3.99701776025
36.0455087209,4.05852562938
33.4665082418,3.8845331915
32.3261095506,4.07512557962
31.9541521127,3.86238144314
30.7918823529,3.74357251964
72.5765399361,4.46830217574
84.3376944444,4.35349541653
94.3305111821,4.36754637186
93.2101464968,4.22616326089
83.3555030864,4.15417523905
106.539173913,3.65825961583
189.643680791,2.48383102877
210.92875,4.61088467923
222.59984,5.54622522658
232.391609665,4.87432517408
236.712808874,4.72443257568
243.003348101,4.25394645964
236.763514815,4.54490935809
144.612578488,3.20497389288
66.0551708075,4.08951119167
55.1481783439,4.19947932637
48.1173810976,4.14844850196
43.4778688525,3.77856233859
44.1265675,3.49757890106
53.8196413613,3.52455134364
83.842074184,3.89699969759
87.6134684685,4.05338892012
94.2053164179,4.0074531264
120.028185841,3.78736317849
139.467945402,3.18634737293
195.023643478,2.53931171637
209.919494983,4.45717479401
220.0099375,5.80838078451
225.271496689,4.49912108836
229.284978659,4.17275808234
232.005145015,4.01042389033
229.077540299,4.00049769649
221.701973134,4.0888037422
216.856022059,4.86375261049
200.180983221,4.21762406348
56.2670595611,3.8873134188
44.5718715596,3.93785055134
38.7994760479,3.89676307945
35.1898150943,5.36119233934
29.9660205011,3.35968921005
28.489672209,3.29473607721
26.3776376812,3.33050256638
22.814664723,3.82637727001
19.9784444444,5.19633138603
19.8535118644,5.10639991726
22.2226934985,4.06996989503
23.4214224924,3.84226343639
24.6147681159,3.68847936304
24.8961675532,3.53189171404
67.8479972067,3.36923718685
196.61546875,3.87608501606
204.039241758,7.1299158352
205.920594005,3.85622262132
205.03878012,4.27770957559
197.447408163,5.18412130496
23.9586096386,3.24892557852
20.4765085227,4.57508325229
20.6822714286,6.36254774806
20.3122549669,5.16915977513
20.3198445596,12.2704651382
14.1406687898,2.99168269704
13.43968125,2.88018191252
12.8267542857,4.15433266754
14.9892723404,7.35614932272
14.2432211538,9.04161720516
17.7012587065,8.60539670082
15.5378537736,8.09718001501
19.1448083538,3.34801760874
34.9435404814,2.71274373362
70.2265635104,2.90403486207
203.176140684,5.87604535817
211.721586873,5.32924404135
215.934732143,3.96255298438
214.868394958,3.86238158688
214.743838617,3.95725235661
214.736292308,4.10883013003
214.028817881,4.74085642261
200.212837209,3.82613284765
100.205415648,3.18517928217
82.5062953368,3.48924192767
72.3019691877,3.97444875953
71.435260745,3.9743694942
74.5578196721,3.79065200047
69.2900448179,3.81884687395
63.7035184136,3.80845311261
61.0651005747,3.88544253954
57.2828492754,3.82804609048
53.7830389972,3.69150494851
58.1566684636,3.56730699998
77.2236214834,3.3564390778
106.092085213,2.99606826671
139.164451697,2.7838578469
196.30599705,2.75822709413
196.79625,2.89553576163
197.617928571,3.3197868948
193.227082386,2.754109704
137.775832918,2.7557859806
106.075937811,2.95161394459
59.1674415274,3.34949941448
46.3081789976,3.37796977743
39.7094405594,3.40892389522
59.125997191,3.61744620595
75.5243899204,3.57828311847
81.9753097826,3.67079090746
88.5425243553,3.87316456703
83.2481051136,3.88730741902
84.8507800587,3.98893605277
89.3841382353,4.03084036915
121.381214511,4.02966232898
100.556310651,3.88862429109
137.575891365,3.20743018821
201.597887538,3.23687291954
214.097508711,5.08900644253
217.214395437,5.4518032901
217.487924528,5.35275124187
217.706147482,5.12682085029
214.845806338,5.42812440867
207.533009464,3.79600768138
139.184107143,3.02230820265
94.9915311721,3.37287246768
46.5357951807,3.46387943066
40.3304545455,3.51326476101
63.6373083573,3.8593610133
82.7219676471,3.94018172212
82.3008519637,4.17704938957
85.7335389222,4.26005383664
81.4492713864,4.1434430678
78.7168435754,3.88036575952
74.0267636364,3.53511359145
80.3429666667,3.36126504862
98.8045667506,3.17840552076
137.991622739,2.93891925171
204.608689759,3.66116431041
215.077636691,5.59495914594
207.07439557,4.56316187151
205.663430303,3.72481437132
181.891997297,2.64069056726
140.947554348,3.29813117504
115.880882979,3.58320183215
110.912590395,3.80801600216
93.3596852941,4.08284087049
89.0953213213,4.30644600276
92.2818169935,4.50945889284
87.2401476923,4.41429565949
108.172525526,4.21891700806
134.485456667,4.49782815647
138.219273649,4.43634235528
134.958596667,4.30951047472
122.871589342,4.09996748553
128.583240356,3.81159770553
131.990819718,3.62036904962
148.808350282,3.25891149844
173.434206799,2.86944584136
199.446737313,3.00081839132
199.652524496,3.00731497979
187.414425,2.57115857646
117.68610411,3.63433688138
98.0809318182,3.87513690852
85.8392359551,3.96703729297
65.2797362637,3.85966561719
204.485833333,5.82136691245
210.925054217,11.6570758834
20.6654123314,2.67754264506
87.1935857988,4.12235528143
56.7970538462,3.56205527929
72.3114923547,3.7216038396
52.1840446009,3.2046390691
88.2294853659,3.00546595414
202.608576355,6.41456681092
219.046158491,4.94798602191
211.382364557,3.482368167
52.2669264706,4.41179273376
72.0306088154,3.73828463306
29.9372374728,3.14655624543
16.873237013,5.6183210571
67.8117941176,3.68346031233
41.1024759615,3.35919655248
55.7913768844,3.58699392343
102.904683908,3.95319844001
49.4452335958,3.76254036211
45.8831082474,3.58158558229
41.7683446602,3.5274161069
39.9820813397,3.4024217499
38.5907459207,3.40875856888
34.701325,3.2281557612
29.6065294118,3.51857704083
28.5809929412,3.23059897465
37.7650492958,3.12500639672
48.0788944724,3.31940121682
60.3285580808,3.41083814546
124.977734015,3.00120794037
196.314624625,2.84641238719
204.594864111,5.18600656046
201.301140575,2.9939167013
96.067497449,3.07654739638
54.7760025316,3.48336118728
46.4948066158,3.53603588151
44.6567651515,3.47704724294
41.3282160804,3.44601072806
38.2433248082,3.50968700424
38.4404199475,3.47477845411
34.8252280702,3.40959493973
31.7913391089,3.34274619814
30.0155824742,3.38733778629
209.233427007,4.42957976476
209.6395125,5.62532244445
68.2746635731,2.98691720682
38.5989104116,3.19441093333
33.1307179487,3.08186418703
28.6200480549,2.96230299653
25.3998943662,3.15205849678
23.6431840909,3.06643734591
22.5162687225,3.07951961099
22.4248481308,3.25765863872
19.2981097257,3.57786022935
16.4772621359,3.39169840023
15.3004289773,3.77779227651
14.2305851064,3.7125268863
12.8597142857,3.73237127147
15.4594885057,4.0632698629
26.6566688525,4.15950178063
36.9656158358,3.69095761216
129.091730435,2.94220263996
209.846955466,5.04131899474
224.973131514,3.35422656277
234.647523161,3.78572065355
222.44063253,3.9601218699
210.160958175,5.44249186424
81.2662679045,3.38479528085
50.447226158,3.68499590025
42.7615659341,3.6837631613
38.0049777778,3.37463420189
36.050437799,3.29222460093
34.5862411504,3.08900397578
39.8490915179,3.00121665654
55.8065839793,3.43491771308
66.8182634409,3.59272382556
73.1634344262,3.67230910791
67.1717706186,3.56944360385
65.204159204,3.40963761321
67.8811845387,3.37165935776
72.1283142857,3.3724661047
108.867514286,3.14664145816
199.526695652,2.9028834553
215.2787751,5.49887742904
216.33994186,5.0204327782
215.99461194,5.09896831391
212.387219124,5.09998061117
202.363583871,4.52075445589
56.8722606516,3.35823369955
44.4574704433,3.36434769029
41.888178392,3.45663740607
43.0895117493,3.49695115178
40.9280082645,3.65334390551
37.5972679901,3.3977903966
245.490488136,4.0214687433
241.564534375,4.29187970928
221.096766447,4.47191691275
160.426603175,3.08608896679
71.0040857143,3.77010718576
68.3263052326,3.78154442714
56.432627027,3.6391482898
51.9429949749,3.46803592974
46.0436606218,3.43657618334
40.3193612565,3.5120425725
41.8674390863,3.44563463556
50.5724173028,3.5237204076
61.8659038961,3.49270816952
57.0997272727,3.37734904888
61.9602729592,3.34615877732
86.6502282878,3.18851254021
193.207750693,2.63642141126
215.283073944,5.37144240951
225.786590106,4.72840795081
237.985913433,4.10879631807
244.602005556,3.90919768012
250.376988669,3.87983581143
247.786362606,3.88945533356
233.777579755,4.12444787427
104.761562667,3.39703210268
78.2918264463,3.71349019224
68.8398088235,3.83600514859
61.752962536,3.83389391784
56.0446504298,3.80250907981
69.7809512195,3.64106275211
75.6468050139,3.71695517307
71.0485125348,3.70356002108
80.2772151163,3.89103779513
82.1715184136,3.89293060455
82.407221902,3.89744374221
80.845862069,3.89542195697
101.094815642,3.73551652019
118.279826446,3.59308705516
193.150353623,2.95976933043
202.12,3.03655640077
216.740193038,4.11638683002
100.603307937,4.40054863912
65.1598544974,3.61495461773
68.4594768392,3.64103747689
89.0841485149,4.2753798997
112.884252788,5.00862589202
136.917728223,4.77977636932
148.291430605,4.6843920872
141.261872414,4.64284733406
139.936899306,4.49164622952
145.220271523,4.16253680034
147.444410256,3.97466016242
208.033138462,3.89359285789
236.373182143,4.87736251569
249.730966102,4.66843317978
255.857829508,4.59064872216
255.812293919,4.70005354707
244.676377622,4.80450024164
224.533825658,4.66651726026
196.121046243,2.92531322003
136.089716049,4.02161707145
116.621168498,5.2191044951
88.9029905063,4.44518812002
86.7391295181,4.11220184282
86.819702454,4.25240806351
92.6974622642,4.28342990526
116.233983498,4.57497724091
133.137168966,4.55479157317
139.991849498,4.43955584653
178.650117845,3.78057253293
199.522730263,3.56378182124
208.369927152,3.74422189768
222.603488449,4.49050760998
236.684901754,5.16470367165
256.093512821,5.28977991619
261.846570934,4.83724260866
264.600474048,4.76938363873
258.040953488,4.73935228973
242.062609756,4.92558025596
221.0206633,4.72462320178
181.660305085,2.95109777641
111.763342342,4.19097672799
167.240819018,3.84453501697
208.538553746,3.57997069623
221.529871287,4.12716331168
231.282225256,4.93012652113
237.919076923,5.04091416605
222.996551948,4.87345115017
202.107315341,2.92544914659
165.780409091,3.22614230176
123.66010479,4.028319836
105.508289116,4.49124761453
105.218449827,4.78525307867
121.973630522,5.55594874704
143.529305344,5.32225458825
142.968084871,5.05534448887
151.654212121,4.28763404042
170.416180473,3.34936175527
166.876997167,3.21004444666
168.105118644,3.13530620035
195.495948424,2.98818747345
201.001533528,3.2461238291
195.315070225,2.78905946675
162.934103175,2.99462819251
79.4657684211,3.67818341159
64.3980465116,3.71140083875
59.8290443864,3.68373685524
60.4269948586,3.55681615086
68.9497662338,3.60299420616
89.5224028169,3.80112439455
100.783261682,4.28902937316
114.938840391,4.39631096477
120.84466129,4.34350204686
124.514830303,4.07017801838
153.098588757,3.53955100441
191.390204893,3.17773820796
198.7317375,3.33912718608
199.164105263,3.1199893746
175.202042042,3.36288816149
152.710203125,3.82272608107
173.826334375,3.47394030813
180.228571865,3.37043588229
182.089131737,3.222403626
171.824210526,3.33137851538
128.396971014,3.89838972163
119.908504323,3.95900959262
105.15941691,4.09091109257
84.7343467049,3.93984658299
76.7179055556,3.86504201137
73.4340714286,3.82724105189
71.7542837838,3.73933944392
81.1508672316,3.89643477336
87.5251016949,4.0330519024
86.9009519774,3.8872601001
108.646090395,3.78567323389
150.735862857,3.47482727057
150.740093484,3.38351766711
172.940292754,3.05166967036
163.39930086,3.31252295748
120.219945087,3.83580698207
103.325446328,3.84381959699
98.2757486339,3.78165426171
87.861352,3.78371467238
82.9915786667,3.66873329893
71.3080025575,3.60763969723
61.9679627792,3.54877960981
58.9075196078,3.49257360542
73.7973547558,3.4986773529
83.6164619883,4.07875345974
70.3946553672,3.98651635398
59.1472887139,3.76799585658
55.5393005181,3.66614990859
53.3676481481,3.67179983153
62.9667755102,3.54970560354
127.237276486,3.28319970561
208.252946708,3.86571269699
220.884259016,4.74358090345
227.650846975,5.10518145051
239.946527273,4.83786910142
242.292021505,4.7973950642
223.628358885,5.11634955368
216.776974359,4.35228669721
192.442041436,2.70917601099
133.864607735,3.49077755345
88.2812744565,3.93797909652
77.4755842391,3.85526103081
69.2227391304,3.84271931459
64.75236,3.79122948331
56.45435,3.63991404087
69.8327142857,3.54175982251
87.0987248677,3.5849895876
91.9224789916,3.74546993225
140.882560694,3.55111299118
189.859350769,3.19315420162
214.858633987,3.96632528576
226.568703571,5.27306957761
235.570438163,4.71383586742
236.132402135,4.86770373419
235.35402509,4.89517796003
229.35281362,4.87565281899
222.458777385,5.49673178239
204.402515942,3.29382937292
199.763302521,2.90689185744
165.668027473,2.99351699342
118.948005634,3.82074881221
112.610167665,4.00131523936
108.171638037,4.20147330465
100.747571429,4.14609864081
94.5861501502,4.23651916226
102.352176829,4.17940093209
118.201038217,4.22913179233
232.054274368,4.92583148865
238.048496528,4.57660132986
234.816114983,5.00674325413
234.672739437,4.84433138734
223.974223684,4.74332194569
208.926114706,3.38021509219
196.724726496,2.83402854873
162.279831832,3.58228298376
118.27439881,4.1468249514
110.504089744,4.3118426027
97.0479539877,4.27373023211
90.4599908537,4.27109998679
84.399991018,4.2163457709
81.6194880952,4.03917373604
74.4274809384,3.98908691404
67.1676135693,4.06507074499
71.2835233918,4.10233290467
84.145625,3.99328231188
171.192258721,3.07364095241
213.422427152,4.47538256384
228.847298893,5.5853040614
235.767967273,5.0274862487
238.620591549,5.02483301377
239.956213235,5.01008223363
233.065240283,4.92815823948
211.563382445,3.90713216084
204.36904451,3.02762157886
164.108066298,3.00270901491
112.169578348,3.77843309885
86.6564424779,4.05844496313
79.9003012048,4.10697338588
71.546751462,4.09948749942
67.8936156069,4.03798923924
63.6669232804,3.81285036756
56.1323766578,3.74010502834
50.6616852368,3.78156750233
51.9189202279,3.72583346331
47.8886011236,3.73775205847
59.4945665635,4.42478121435
86.6111006494,4.29443012246
135.562569733,3.37836372205
193.745606607,2.42090439385
197.787258567,2.46267136029
207.092694158,4.38785919186
210.814191176,4.79666728922
210.329740214,5.57649916238
199.60686533,3.09290887372
94.6718716049,3.18658076463
67.2298659794,3.49350811042
58.3592155844,3.56816288133
55.2310435967,3.66902976045
57.3666375661,3.63792651434
57.6980241287,3.68797660598
72.9650286533,4.01458610147
70.3870535211,3.90477751613
61.0233201133,3.88421758139
56.5107758112,3.90394464344
63.9621488764,3.91062820627
94.9524460227,3.78738078157
182.669919162,2.79575638581
204.900531847,3.19608714914
210.793983051,4.7104450099
212.183325,4.58494296066
222.024306723,5.63324537785
225.75656705,5.01144741963
223.622125,5.15417957532
212.814457338,4.95155215298
194.353639118,2.51149989768
121.612555556,3.41027902406
82.364443769,4.12691879531
80.42544,4.25572332247
72.5763769968,4.29678288936
64.3661911765,4.13382008333
49.3552177419,3.78962574468
54.7214347826,3.60475841841
62.2442078652,3.66907798248
73.6998678161,3.86450460572
82.5374358209,3.93569757356
104.466745614,3.68537826472
143.563768362,3.02352138349
200.009236994,2.6184493166
208.565362712,4.87166594185
217.319803509,5.1011322718
229.132892193,5.41126262671
234.42441791,5.20154451649
243.217784615,5.07882543133
236.307478764,5.20513118899
231.109516129,5.23850597681
220.108530612,5.26725087661
194.40352439,2.53784221384
71.031871875,4.13869115091
54.966072327,4.15943719731
48.8756153846,4.16244239993
37.6805591716,3.95047734749
39.4251218274,3.44938473117
50.9794092141,3.71727541369
58.4723383234,4.00569245132
50.713839895,3.59381904096
119.999271357,5.71195592318
36.0282288136,3.88162487042
34.1795335277,3.82833938018
32.0524352941,4.06755644144
43.086229765,3.66264293579
50.4161346154,3.78747694005
52.7418991597,3.91770501911
54.0294391691,4.10874534527
61.7209717514,4.01962526642
59.2866892655,4.00067183612
60.0587234637,4.03387340585
58.4361222826,3.74085552277
55.1137736264,3.04118264534
123.670525907,2.71190009904
161.441235474,2.92151312347
61.403627957,3.00972239985
26.7244712919,3.53228317074
25.5010203562,3.88215731676
24.2779375,5.1671365919
22.6905928962,3.9996559231
21.6559371429,4.2545785671
18.4565201072,4.12128451463
16.800138191,3.78655466055
17.5006153846,4.30499637063
19.2751273885,5.24958190023
19.0585613383,5.72515951868
18.5589962264,5.94363637737
16.4969721362,4.76624660338
17.7302267003,3.89483949009
88.369429878,3.87476123295
159.148320242,3.04451313777
188.814232836,2.56654967517
157.034699468,2.92593547303
179.90697561,2.58860013969
159.28772846,2.50352100961
39.7294656489,3.51609838708
12.2013961039,4.98096968359
66.6969350649,3.53638699468
90.5224257143,3.70427288294
210.672990964,3.93684466805
70.908559322,3.72929799121
78.2560935673,4.10148635947
216.783283489,3.78178336464
113.132556728,3.54390108659
136.896315789,3.85975426085
80.3708052632,3.62752212253
106.865708571,3.83104557084
140.618748634,3.41202666475
80.7586,4.11003999152
63.7575856354,3.89742983915
73.4095220994,3.7378089304
57.8892403561,4.08535483457
41.8586738462,4.06421025211
155.045214724,3.01073876808
208.04690795,5.92349746111
206.595226087,6.50405661432
201.946467213,6.64054500408
46.3430883002,2.99013668972
31.73722,3.57893953476
29.5497268041,3.62685992432
31.691965616,3.86895129082
33.6706810345,3.97850924255
29.5729283388,4.07331886535
25.5445922865,3.82109151757
24.5099171429,3.85802997739
24.9010714286,3.8675428435
28.2557135802,3.35060078939
42.2543743719,3.50752093917
125.399994624,3.36178151751
205.711012945,3.78794727997
215.010931159,5.17395221512
215.318033445,5.0328656206
206.764144231,3.90567716408
196.510963483,2.48831713119
199.807185976,2.80328607975
196.058255072,2.35074082893
164.920524079,2.52239366313
100.205345845,3.27130975386
57.2301960227,3.77610718721
34.7220151057,3.95238426362
30.3124866667,4.1508648285
28.8549964539,4.29365067164
27.4473261649,4.28802340527
22.7466331169,4.08264214954
19.2279,4.2592599389
17.4777790368,3.78260540198
16.0263178571,4.62707839427
14.8540905172,6.64579971181
15.2117029289,5.94634540411
14.7491903226,4.99494618701
13.6225815789,4.2342094137
13.6646492027,3.57121552409
15.5732121771,2.5260509103
19.2722744361,2.47951519158
26.4535115789,2.81603024083
42.1862180974,3.11255229893
56.3487682927,3.1996430582
49.1059928571,3.19603255801
62.2034501217,3.23045954614
83.4873922078,3.16453358978
75.5957079208,3.17014495377
35.1286090426,3.69542387865
31.3156062323,3.77449571574
27.1261485714,3.75146925072
25.7999830986,3.79250639576
24.214379845,4.77601295937
19.6326359223,3.63212153665
18.5778,3.76901095575
20.1240932203,4.12926091607
18.0362774869,4.06056504397
17.2852771739,4.54847017643
16.9567540541,4.02242662317
17.3003655352,3.82624927409
17.7403863014,3.73873845698
18.154819209,3.97811234337
20.0630835735,3.93467568961
21.1115903614,4.33088205672
25.8727032967,3.15162861126
30.8875876494,2.82936631847
32.2303655031,2.81974614643
30.5104845996,2.82741359381
28.5880353635,2.65156635241
26.2675755694,2.85952864824
25.3259359268,3.20200436382
25.4424161074,3.03136892333
25.6467507692,4.00276983309
20.345219457,3.19313633752
18.7866456522,3.13874522897
17.8046897275,3.09257860978
19.418658444,2.75706403739
24.512603352,2.44564721958
36.724426501,2.56080210161
68.4298645161,2.81982903983
207.544266026,4.18471786473
222.777993355,4.94802156649
210.452084639,4.72850466283
203.996794562,2.96382242645
177.83838814,2.62446771999
74.8315227273,3.6849431683
56.3316808511,3.45671640241
48.683620283,3.37617124793
42.1196146993,3.21493161458
39.8994726477,3.1779090931
38.5292569593,3.09151885307
35.5448286938,3.10447133319
33.8997251586,3.00040275332
31.6280506073,2.88458190606
33.9938288973,2.68281640031
36.7596196078,2.75924755619
43.472601227,2.86104336909
51.7043295195,3.03503554624
59.5148527919,3.35365915838
55.708005168,3.45977873932
47.8773641161,3.53370162774
105.726144165,2.86720656817
193.995712737,2.29496475218
193.967034946,2.43116331643
154.287935644,2.55527801095
84.9359641256,2.93132415969
64.9986123853,3.10829362865
62.0623732719,3.1170710839
59.5053547619,3.21052989921
56.6149665072,3.27556993088
59.4585600962,3.41985496361
69.7740810127,3.52781890784
69.6667025,3.57449733209
63.411185,3.55661381314
57.520719603,3.51747622955
51.3733325183,3.43605307477
41.750575406,3.33322132186
37.4847159091,3.25078543171
35.403962704,3.22989420381
42.0663490364,2.93783115533
68.0993694118,3.05043550299
134.299329208,2.67721940113
196.740575499,2.67615868422
212.930540323,5.30893680886
214.957057971,4.74350467275
212.664647773,6.00734089705
192.70218956,2.68156112023
61.8872955665,3.39456991849
54.0860239234,3.34962179504
53.5027757009,3.32415939208
55.9782330827,3.59589082974
62.5228452088,3.45805122837
58.1736575682,3.48662208296
60.4444841849,3.42476901974
54.5777985437,3.43864405505
49.5337585366,3.54627907121
48.4522860577,3.53441363369
47.0986615776,3.60508268192
42.7967876543,3.61653439121
38.9113044619,3.70312289284
50.1001764706,3.13002916776
146.636647922,2.67938060217
180.052108466,2.37268254153
203.032317757,4.42354892142
210.86211032,5.51914704265
206.969588028,5.46353002513
191.977232044,2.42635527565
121.429054762,3.00306374331
101.966953883,3.1796667389
73.5865466321,3.58115054303
66.5439753695,3.49580622811
65.0905595855,3.60445817353
61.4310957447,3.73060317691
54.0524730392,3.67835172781
67.0378627451,3.35304451927
68.208397561,3.34848779124
60.755907767,3.39726795818
52.5798926014,3.46720305062
45.7650536585,3.54998626067
43.3588239609,3.63743870179
51.9604306358,4.20755506731
47.1785679348,3.95138366557
41.5584266667,3.81206563159
39.9059540541,3.8990999839
46.8133470437,3.57065373086
203.641172285,4.2887050422
225.894118812,4.67928213588
234.231424242,4.55890824696
226.279122807,5.06953377394
211.0881,4.6423785331
179.58276,2.869005515
103.124278689,3.68271393474
63.1343598901,3.83993302114
55.8660696203,4.22605401918
50.9448756614,3.8246915515
48.3307226463,3.68079681432
43.8241868687,3.59739783572
38.4118703704,3.39884186512
38.2036984127,3.17239077878
36.3431386364,3.23024052326
31.0899583333,3.13203386821
27.3733586207,3.35676427497
26.3045469108,3.42417228873
32.2177164179,3.43299934933
27.629122807,3.51225462304
30.7434605911,3.30556361709
32.431758216,3.18097915141
197.936211838,3.43749470044
212.334430769,5.72258910812
213.492697761,5.48854290811
208.82305364,6.43967109043
202.911923077,5.09273442909
196.097603723,2.63199058083
172.108656915,2.66832247394
84.6902456647,3.84028430214
73.4613323944,3.89345311681
65.8085938375,3.8404110562
59.1484067358,3.54755702004
50.9710956938,3.37798028547
51.0105748219,3.21312403911
51.8832814645,3.11594216008
43.6425672727,4.6726234545
36.1658825,3.26830601476
34.8287427746,3.81176166431
32.1854356955,3.61555073575
63.9810252874,3.07616815069
161.236932749,3.04454819873
201.786520362,7.43593436339
204.701670213,8.72472456956
203.614899441,8.56502411102
205.591568966,8.20681730357
206.739906404,6.86042326389
206.637709184,6.95867213687
207.644230126,6.09051814847
205.174767773,6.77561618165
70.3382552553,3.84811174913
46.8797386364,3.07067869016
58.3632518519,3.30740295273
73.4636610169,3.69157380889
71.5923797101,3.76139252375
62.8645369863,3.72208401063
61.4629319372,3.62133034358
53.2794403409,3.82649898006
46.9940601093,3.84659875384
48.9368376812,4.00486841321
45.1264447592,3.99716842222
47.2098291925,4.31428689535
102.814045775,4.57920027063
55.856126615,3.52975399068
96.5336676647,4.09933386436
116.854543807,4.21200396396
160.042434524,3.65892673897
198.447195783,3.16618728205
204.537213415,3.45103245622
207.60939,4.26624526732
203.17839375,3.4338003363
202.298425397,3.83864444264
207.699690196,6.17413953644
213.184634615,5.19399972801
215.110935211,3.93226393612
217.738935,3.48212343837
209.639171548,5.24112458615
77.7340909091,3.22582504486
35.0931586826,3.96056497575
33.403969697,3.93433663201
32.9595066667,4.61670745056
31.4159970238,3.91665808542
29.809704918,3.72195509356
26.0062136499,3.87429597865
26.2306019108,4.29100475519
29.4899967427,4.4450954977
48.0879438944,4.09972904045
53.0351677419,4.1948987547
98.6125074627,3.88731738299
192.405295181,2.48585442376
201.921925566,3.09063117875
207.126203008,4.96359069851
205.048208494,4.38860316142
200.468080702,3.29405449295
199.508151007,3.68916565662
207.481651282,6.54214037811
214.710493404,3.69992539956
213.680841837,3.56596963715
208.566231373,4.96969912377
64.7645863014,3.33471980735
34.0435940054,3.92787312101
33.6774395887,3.7292141269
34.3294018692,3.4203263932
34.2661972477,3.12553235326
34.0068763103,2.71706740865
114.00941573,8.96827388227
174.961950276,2.87016908478
210.323806084,5.37152107175
214.124972222,3.84948543642
212.872430657,4.98246125974
194.783350133,2.93643549749
66.1718188073,3.10126737567
53.8277183771,3.17378137185
50.4249387255,3.22799840213
42.2114160757,3.14827032492
33.8718723958,3.60254145932
24.4122557545,3.63821472196
24.9134519774,4.02176657691
22.9516040268,5.52232156389
21.0205814815,5.78030139202
17.815490625,4.38144054258
16.3144910486,3.69602203129
15.0209039409,3.82871106586
14.2153785714,3.77181988309
15.3514459103,4.18244874928
16.6136696231,3.4030721929
14.4260735586,3.09312928447
16.3342623853,2.80166890866
18.2952104283,2.5352389694
16.1835714286,2.88824358442
16.0824797891,2.47517948343
18.7026405694,2.47179488126
19.4160365217,2.43246283901
19.8448123457,3.98178881269
16.876127451,4.25117943731
17.2265883621,3.27960329849
51.1879210526,3.24902163696
57.8266765432,3.35041804928
74.5315538462,3.41045255119
104.57840113,3.79479924219
132.846940476,3.7537988778
138.787184848,3.57362689549
158.56742735,3.0233081646
148.155675824,3.00688945089
115.872002597,3.14466223034
76.3264307305,3.27012184879
48.5267047146,3.3698997902
39.6044351145,3.27927450453
22.2499651163,2.97215466459
22.8374564706,3.16812243907
21.2398183962,3.04764568743
21.2989681698,3.42931983797
21.2415815385,4.01255469735
22.654115903,3.5087406045
37.6711182266,5.4698388878
21.7492056738,3.22504096616
19.795833795,3.95697886015
18.1541095101,4.27861199592
16.996488665,3.72740712456
19.8422108262,3.84703059777
203.830513761,5.8024301447
218.391154098,4.42492422481
215.168205479,4.55217263588
210.603945205,6.62922756236
176.430572254,2.78430300947
63.0642777778,3.54692498665
58.876571831,3.67610754054
60.006509915,3.6928190494
55.5482173913,3.6547613132
45.6523290816,3.4838051019
46.1098228883,3.5712205927
41.6164403183,3.5341938651
40.9724441489,3.47380405477
35.8542597403,3.46168347524
32.1248401015,3.41146688668
32.1916769231,3.47103170999
23.9241606218,3.37996342775
21.5586465753,3.58495392366
19.4037572816,3.19217514375
20.9329867841,3.01421453256
28.0434628099,2.7148336827
105.575707071,3.16838671545
204.1641875,4.24140323853
208.509996255,5.52622414445
209.008360714,5.176060583
201.516619195,3.09631907267
157.322218023,3.04488358844
64.5258777429,4.32044538313
62.2682878788,4.19111055156
60.6038080229,4.08395924287
57.3466333333,3.98051972162
53.6022979943,3.96971511558
51.6862963989,3.88450713846
50.4438346667,3.75926495013
44.1657239583,3.59210598925
40.8401522843,3.46078849734
49.9655839599,3.28394059398
59.953474934,3.46007110619
89.8462422535,3.68091163331
112.180635569,3.62409164007
165.561198198,2.86317220647
206.667554656,5.57001067156
211.585427907,6.06010805361
211.813654472,5.34312234484
211.337953668,5.17594413382
210.649480159,5.04784132795
206.487890411,6.61182257863
84.095315534,3.49096467875
46.0960442708,4.19174957496
44.5490956938,3.33890215235
68.2055062657,3.34608960121
77.9120371353,3.60870770975
82.2185643836,3.70481283484
88.2953597734,3.98896723328
87.1229624277,4.1213495091
75.772265928,3.91727140542
62.6960334262,3.91922226707
55.4727988669,3.69686545369
61.4355923077,3.35876279267
66.1231042184,3.35867956842
167.656930412,2.57979238785
210.94268239,4.52916150687
213.693829091,5.18159841038
203.715087542,4.16491542581
201.234156352,3.45296695454
202.263710526,3.6170043303
147.509677333,2.77184430845
82.1393056995,3.4809103529
43.5798109453,3.64084573384
39.1836245955,4.47284441345
32.4499350962,3.43233564489
32.2358568075,3.27118322627
32.5428934625,3.35267311465
27.7787506234,3.3535323187
24.9090119904,3.46328545186
26.3196522727,3.21427559322
202.656981651,2.87922840224
20.7530830116,2.51072798329
18.7383444444,3.88390786884
221.228253472,5.22602135293
48.9850504808,3.38712532257
69.9955918854,3.1107027616
72.3475269321,3.05874555339
50.4985901639,3.90631315995
29.7163078947,4.32321137702
47.1694380734,3.06132955206
60.0659693878,3.63202050058
214.722375309,3.46891809121
211.614413249,4.2938528924
27.4686013667,3.13717314721
29.5925429293,4.13164940136
19.1707877238,3.49007066651
27.4902628866,3.49729049156
38.7729784946,3.5329834774
72.8451828571,3.97759724577
27.5708985507,3.54584750147
45.4160786802,3.54895373355
45.4056319613,3.3374565713
32.4900321782,3.46960121666
80.1475091463,4.21881039723
41.0504028571,4.10726846008
37.9218328841,3.47850715168
122.266828804,3.45736485745
91.3745582656,3.60702974374
56.578432133,3.9217421072
42.8840295567,3.29173366873
38.7245445026,3.60366665263
45.3408558282,4.35087270117
51.3749658793,3.76285632331
205.257652361,7.34914442271
32.7476057441,3.60603835645
32.2067135135,3.59904798249
27.7962416357,6.12825557768
22.2761414474,4.32676117855
21.2615254237,4.88635747653
23.3182449664,5.16043801185
23.0913473684,4.11199481789
26.0421218487,3.08001012558
33.9727619048,2.91660163013
157.509527778,2.78690806468
207.77076,6.83731817209
200.502576923,3.29848252883
137.750913043,3.09895845349
97.4157492355,3.59976577631
88.7530429799,3.72352132929
63.5012908012,4.08568505955
59.0536966581,3.87382416074
59.8987931937,3.67219915737
56.2075406824,3.60938681396
53.1735280612,3.49266365286
41.1243483412,3.5336454237
41.2844704545,3.33661223621
43.8546777042,3.03737795712
46.5200528736,3.13538403824
40.0233030303,3.80335812743
32.3451220159,3.55582191015
30.0775948276,3.82822112068
28.7357188329,3.4814224516
29.5149560976,3.32195064821
41.6989087049,2.96239096437
108.819393484,2.99210820577
166.272352761,3.26190817711
60.940356674,3.07257443735
35.2767443299,3.04529005944
28.0017658643,3.26047696748
48.0091358025,2.95518930899
54.0466873563,3.23374422825
50.0383626126,3.10020111295
47.6438907363,3.27577603074
45.6295725191,3.42651005769
43.2896232227,3.19006224144
40.5756014151,3.26767633977
35.3031508121,3.29752450851
40.374497549,3.37404510476
43.751806701,3.50538182721
37.7848888889,3.59694125598
34.5785014663,4.06622669113
32.7072228916,4.1910255718
32.1108680982,4.21796424185
32.399568915,4.1839692833
82.318616622,3.43166811207
206.133995968,6.74359065662
161.462720627,2.50427957827
177.683039788,2.34165800658
116.103599034,2.77778065487
76.9866522727,3.06387162755
49.8737931034,3.18320235095
47.3445569307,3.32834630404
36.8967752525,3.45243988156
32.0864093264,3.53841209265
33.198921519,3.53856254697
36.5761012048,3.32738445127
39.3644776471,3.28045121525
40.9694441687,3.34799139808
41.1419686801,3.07098642624
41.5852277487,3.83345707845
36.1096992288,3.40699580948
35.9402438424,3.3319481708
39.8456605923,2.96850544778
50.7927615894,2.83931645335
60.791419214,2.93238917457
66.9295330396,2.97375582554
109.855115023,2.74649704418
115.909463291,3.1478838872
96.8557356948,3.64569630622
121.017588235,3.46002595747
119.396419444,3.58068432105
102.929057971,3.75984603706
110.888330435,3.68639574075
84.0291389728,4.0691574042
64.6876269113,4.345820569
61.7554676923,4.33153296228
58.0993454545,4.24203577097
58.4978074534,4.33126450977
58.5375909091,4.2704002918
56.9493297297,4.0122055712
68.5333859155,3.98233926576
78.0384653179,4.15553941216
83.7649881306,4.16955890632
89.6664034091,3.97815873348
110.65918663,3.74967008193
167.483939227,2.92150546418
191.100298913,2.34636975154
193.099549133,2.53071762723
189.304415954,2.35277249881
127.823402145,3.12530619168
79.454239011,3.63919855271
56.7144943182,3.81468281697
44.9689034268,4.00351731826
44.09174613,4.06180447635
44.0919889197,3.99228222054
44.8869019608,4.04229914573
39.5203306011,3.87544647429
38.4839887955,3.71131677824
51.81214,3.41657563876
76.0355953003,3.55850396667
67.380013089,3.49579558785
52.0349520202,3.39824079243
62.6388601896,3.17352409008
100.949471429,2.96181964825
78.9731691176,3.20200590131
59.0329835681,3.37265653511
53.0649365079,3.1346715004
143.112939948,3.03728447592
120.084884131,3.02742727088
68.2464490291,3.29914773736
60.3057450495,3.20023942341
51.3679952153,3.26611719859
46.0902351485,3.28650725428
37.8476859296,3.41693981664
37.2885631868,3.5814275152
34.679631016,3.55344731875
31.3622547425,3.56448838669
28.9180054201,3.5368153915
30.8167703016,3.1908082531
44.2497819026,3.14150472763
66.5830376344,3.58221408409
83.5519111748,3.91645450564
110.442517544,3.88044027246
163.022788889,3.07449681813
201.557474627,3.27670977156
207.351042208,4.4184898392
207.760853125,3.64228074239
198.906058651,2.82624635626
190.293189112,2.62825804164
141.810893678,3.41444148824
118.707855153,3.61296270615
108.539403409,3.7452539003
141.391354571,3.36886137495
128.03777748,3.36851334645
109.756743169,3.5827272484
77.1685855072,4.01521913874
65.5248304094,4.08620178508
59.3072594752,4.08665194068
55.3104380403,4.12279735095
51.7384005602,3.9527793279
51.2229011299,4.034298427
56.7551478495,3.78091022698
66.5123953488,3.59365671699
87.2872445055,3.73111057983
122.064266667,3.58883092977
160.486927171,3.27390161221
192.684655977,2.97451954189
182.337601695,2.75432596684
153.418278873,3.18416039207
107.985783099,3.68833045455
85.1069716714,3.83574293728
88.8622568306,3.74607747839
99.9026739726,3.66093687359
93.5743434066,3.60025626902
79.2555822454,3.60260961136
71.343379845,3.54222772337
62.4043905013,3.5531112241
62.5918829787,3.60875186637
55.8110795756,3.69126937884
59.4345374332,3.67148706873
65.546474934,3.66352912341
81.2910557103,3.75594104061
88.6386648045,3.77490918343
107.134079179,3.95262411758
124.482137143,3.72341957074
156.097168539,3.21049945913
197.674676471,2.99253254857
198.577776163,3.00489054435
191.909507042,2.7105343202
118.57470557,3.39440108145
88.4541777778,3.74369384938
78.5486538462,4.09606550202
64.4127834758,3.99330029784
64.8248914286,4.05522679871
49.7710889488,3.86401010414
47.8486476684,3.72771914985
42.4968525799,3.51904295329
38.9366512821,3.66231046477
45.3362444444,3.80830437425
37.3245239437,3.87476473317
31.168776,3.76060682124
30.8270965347,3.47745486967
37.9566232877,3.0972598465
53.8839212411,3.15215764898
59.6671227621,3.40616186741
61.2510209974,3.55633812325
56.5961246753,3.51463511695
69.4741116883,3.41572850281
93.5679356436,3.13782115573
85.3867291667,3.17877007719
47.5919765625,3.49953452086
40.8994076087,3.71825177525
37.8019275,3.51097658796
38.9002343324,3.4510414429
42.8563106796,3.28389788577
47.2256056701,3.49488326958
46.7908,3.55221150601
43.7591908397,3.46663617326
40.0227298701,3.53250688537
40.1100684597,3.39207128029
39.7247293233,3.43629976648
41.5118974359,3.39966901327
39.4791914358,3.45635778307
36.4803373494,3.34013117634
46.5877934272,3.18503577307
54.9166278481,3.29601005687
82.3863145161,3.64622347807
162.134538244,2.98516927387
198.098250729,2.75011048084
208.131394265,5.19642772163
204.763165517,4.25949003317
154.306361194,3.13258325609
80.7994035088,3.9300358633
58.5074721408,4.03297820128
51.8666818182,3.80127994747
