269.289,19.8361210582
255.012,14.611251336
253.769,13.6223906256
232.662,11.0748313987
214.658,11.2807355519
210.932,8.45319195226
192.307,8.01466261577
188.109,8.04701832229
198.517,7.71880016756
198.515,9.27322690061
218.383,11.0517793169
244.458,15.3362272844
230.179,13.3916483582
253.149,30.8619844441
280.465,25.9937468558
266.808,13.9542194927
273.636,8.49570648367
280.466,8.50187257828
266.807,24.9680289036
245.077,29.4732620077
243.215,19.7104898064
220.245,11.7672657596
228.315,8.57536797409
222.108,12.8436274864
247.562,8.7379706583
246.94,12.1387405505
243.216,7.88563038426
212.175,10.0306460089
201.0,11.0364783271
209.692,11.5622477359
212.796,9.23861729478
202.86,9.96889732432
215.279,9.8816399194
210.313,7.51327193637
237.008,12.3107102425
239.491,32.5574316541
246.941,17.5347007705
244.457,16.0315136353
256.874,17.0027737952
255.633,21.0119909486
240.11,12.7943802939
227.074,7.89796310549
222.108,7.02022513432
250.666,10.3173855787
230.799,8.25426314501
220.867,11.9365044784
237.629,8.51785063176
228.936,7.99865390614
226.453,8.75305650732
206.587,10.5793590179
210.932,11.3179516541
200.379,8.04589296705
215.9,10.5567550215
219.002,8.29192888823
265.565,11.8962320738
271.153,27.5201845895
278.603,23.450624361
271.153,10.5224418444
269.289,14.0455267232
266.807,18.5032170676
230.177,28.1327564509
222.108,48.9283540614
77.602,7.24258327489
82.569,7.08786631013
68.29,5.60273173731
62.082,6.13511931431
91.261,7.39006788036
171.2,10.0404832931
137.677,6.70747188788
181.755,8.19010663339
209.691,7.2734005927
127.89,6.3137229654
104.918,7.15747302522
201.0,6.79568642329
194.17,6.37142661942
209.691,6.58363752405
223.349,12.2609832729
247.561,34.6042823903
245.699,14.5002826892
249.424,15.027185491
236.387,30.3417770227
206.586,11.0967492474
171.82,12.1749998707
89.398,6.43520628818
89.399,10.0954182534
86.914,8.0980160324
200.377,9.69187546018
212.174,8.82481121517
207.207,8.09518642983
219.624,10.3559886927
196.034,7.16472185777
128.51,6.58438400888
145.273,9.01394975237
129.751,5.90489847943
121.681,8.0290828065
94.984,7.19074228396
196.653,7.86400894576
207.829,9.22162048667
225.211,36.5942663377
236.387,13.0091182531
226.454,33.3096274619
207.208,10.4870764822
68.911,18.5207837618
55.874,90.8477140234
57.737,9.68845082774
56.495,7.5229432515
88.158,9.96952939753
69.533,6.86641764919
110.505,6.67248244064
122.923,7.30994204204
193.551,7.15242592731
110.507,7.19646887296
118.577,7.07307457789
189.204,6.94081598061
189.825,6.58331375523
92.501,8.22655202961
195.413,8.58622032544
197.896,9.13390607527
212.796,18.6783252693
227.073,41.5147748307
227.694,44.3136547811
236.387,42.5524540979
250.665,22.465125122
234.523,28.5385770144
230.178,19.4877633437
233.283,14.9890625106
241.354,58.9207395666
230.179,50.5036657594
225.211,53.9911858884
235.766,32.6831684858
207.829,7.87958596307
208.449,8.85805003702
71.395,11.4536605419
97.469,10.4725218926
88.778,11.5706867586
199.138,6.27867022526
250.045,9.64508368905
73.878,8.55364579614
112.989,8.48891641496
229.558,8.50585985613
218.383,111.511680519
210.311,17.4284554369
45.321,22.0014129659
53.39,42.6968865005
47.182,20.4906587259
35.387,9.19858776475
52.149,10.4040684472
51.528,13.4307964376
40.353,15.7398317488
35.387,18.4377919124
65.186,11.1352500603
67.048,7.32879725859
75.741,6.80170891668
169.958,6.85009548198
187.963,6.37719032191
187.342,6.56796350592
196.033,8.9688985247
207.208,14.7828917419
234.524,87.5338466863
252.528,6.8245518551
241.353,7.94503701777
243.216,246.495972607
215.9,201.258098245
36.628,63.9642172189
70.772,1108.66427225
34.766,59.0879667539
34.144,21.5184435076
44.078,7.23709547345
41.594,6.61927179617
62.082,13.5218609815
86.295,9.5419669921
98.71,9.62254345807
196.032,8.46866512906
187.343,7.7726367249
205.966,7.00240939417
189.203,6.68522916555
208.449,7.90729761065
213.417,10.550035019
219.004,45.5036116763
237.008,9.49215551204
254.391,57.315428582
258.116,75.0202231271
251.285,14.0007397756
219.625,33.7937098717
57.735,37.900007946
94.365,45.6357608312
104.919,18.9070843543
92.503,10.6339135802
81.948,8.22366869041
88.779,7.0430086355
86.293,8.3244835251
77.602,13.6879703644
81.948,10.6181892398
62.082,16.3694049265
75.741,12.1003746205
73.878,9.08448356076
78.223,8.52707954239
205.345,9.79558952716
215.279,13.3724812088
235.766,407.016517248
244.458,7.42536994965
234.525,6.12889833128
235.145,11.7847406162
230.799,91.9952026305
219.004,49.6520763536
73.256,1158.64572839
36.008,66.020537326
37.871,36.8785517911
26.696,16.8431915316
86.915,13.6194044559
91.261,9.5833984568
85.674,15.4099967916
86.916,13.788511446
94.366,13.0442251448
167.475,13.8475288853
205.346,10.6577088785
218.383,8.38637269303
261.22,11.9628188588
243.836,28.7110552936
241.975,10.9855767726
266.186,22.9796321629
259.978,56.994264011
276.74,15.2356298084
264.323,15.7391317334
261.219,28.5074184476
240.112,56.5319968239
207.208,28.9971216998
60.22,27.5121263792
59.598,217.032428222
49.045,22.9957359791
41.595,8.45499581321
37.871,7.47255251163
37.871,13.2118548936
62.081,16.0457441544
83.189,13.2555282893
122.922,9.66555087884
122.922,10.3432805282
204.104,8.07089007021
213.417,8.40369144684
228.317,24.3401555024
240.111,17.0115935203
245.076,7.99306772131
255.632,41.9898696084
249.423,82.053273661
262.462,28.4599890648
264.324,57.9568707712
247.561,17.4836513028
230.179,101.992276227
204.724,29.9785258984
77.603,92.4779641254
69.533,24.9047200981
76.361,16.7653901004
90.638,8.42702467054
88.156,10.3947935722
81.328,8.76314004747
112.369,9.61036338655
113.61,11.0632998445
119.198,10.7434192824
172.441,13.1693600062
219.002,21.609837106
219.625,41.4097706638
233.904,53.4979955827
246.32,22.5882918926
248.802,9.14396277719
40.974,5.48490873585
39.734,6.82875228064
241.354,41.1526986073
222.108,69.5036878815
204.725,83.9937849798
55.252,819.078682373
22.97,201.589742947
34.767,165.526539363
28.558,43.378171509
24.212,10.90001915
31.663,13.3352873952
26.076,21.8913642186
34.146,42.6538788128
53.391,59.4812844293
69.533,15.9958329531
211.553,11.6716594119
234.524,24.978398235
244.457,9.48393933656
251.906,6.51801046908
246.94,11.0240068669
245.699,24.4658882691
247.561,30.0127537534
243.837,23.4993457491
232.662,11.0026661937
221.487,61.5353564179
202.863,20.9490501003
42.836,336.347469274
46.561,43.1091944095
42.836,28.8336201602
41.595,12.4997721623
57.736,15.895929085
68.29,7.86288372446
77.604,8.38624148728
117.954,7.07118176629
97.468,9.79475370454
72.015,9.86480286271
199.758,15.9846278973
240.733,154.515762343
228.936,7.49838982
260.599,7.01437157596
251.907,6.50092323267
259.977,7.01682770644
285.431,7.03787595262
274.878,7.03677420994
286.673,13.031711863
257.495,42.0249214563
221.487,17.382739851
198.517,8.99820130556
113.609,6.63434952147
108.643,7.05974815879
113.61,7.95910530053
89.398,7.08954325085
79.463,6.66128705799
82.569,9.32013338158
74.498,8.01516375504
222.728,12.6597452766
228.316,16.1182545112
250.045,57.5693621527
260.599,14.0128073441
258.116,11.5248500867
259.357,17.9926125921
243.837,40.9654732517
229.558,40.4574344489
217.762,15.6572400409
207.829,7.27623709365
204.102,5.29806704199
69.531,7.07167997059
273.016,358.033250242
288.535,6.49152206879
278.601,6.47770834649
271.152,6.5611711195
277.361,16.5452292559
239.491,34.1267025709
226.453,10.3863586439
207.828,6.03133857435
199.757,6.3990869499
200.379,9.02167446089
202.862,6.86243952599
197.896,7.60605297635
189.826,9.36331154401
178.03,7.20825133419
99.952,8.51401935808
151.956,8.54754848708
112.99,7.70581642907
143.264,10.6876740747
205.346,8.14629255268
228.315,15.7349087698
251.908,25.2242772309
250.665,23.6029514593
283.569,8.009056243
286.672,6.50604827642
266.185,13.8140527584
223.349,7.48141627759
239.489,8.32339763371
246.94,9.65212717925
238.868,14.2216090484
255.631,25.4147687321
290.397,29.5912770994
279.223,22.3675875172
289.776,11.0271768812
269.912,7.49687286452
274.256,8.98812183269
268.67,10.0317071098
263.703,10.9798364471
239.49,33.2154293251
76.982,10.6182376467
72.635,12.4829178892
68.91,9.61957805959
56.495,7.35721742973
52.768,7.22380231146
48.425,8.81265744768
52.148,14.0166167112
57.736,8.72155326555
52.148,9.51825915885
57.116,9.58489780813
83.812,6.96365189678
187.342,7.49332921207
201.0,8.11284028838
209.07,7.45030820736
213.417,17.3698473508
219.004,40.98712455
224.591,23.0198602945
230.798,9.02025862384
230.178,23.5011206284
213.417,38.0403476647
187.963,10.7792106985
63.944,12.8751858782
57.735,12.5527434991
63.944,22.024555947
72.636,19.1214160065
75.12,9.12156942639
83.19,8.3666366109
85.673,7.77002388336
89.398,8.73971512393
108.023,8.72296167096
202.861,7.95949223287
202.241,7.58184904462
209.692,8.64426213275
214.658,8.93426223442
219.625,31.3331956274
228.315,50.0131397058
248.181,20.4913686565
250.044,8.49985011365
268.047,8.96840871225
277.982,8.49691769368
268.047,8.00739449013
244.457,34.0197547606
234.525,22.1980060021
191.687,12.6405209608
111.127,11.7224703941
86.914,9.92756240195
77.603,15.3123323535
72.014,7.93690505921
79.464,8.65886044183
67.049,9.65147480206
93.745,9.29543165329
209.07,9.45701986114
229.558,9.58859580943
232.041,8.68799275587
228.315,10.4731564211
258.737,30.9678008237
287.294,23.2047155293
276.741,20.0242132753
290.399,10.5088343484
300.952,8.08106488423
292.882,6.03718703498
299.711,6.99660070047
274.878,19.5449601075
244.457,24.0118549725
225.832,9.08464903919
205.346,10.1548176424
93.743,12.0481085526
84.43,10.6148501621
74.497,8.46394164253
59.6,7.49091718197
56.495,9.36783410411
67.048,9.39529664446
99.952,8.80687479986
195.411,10.0933492226
249.424,11.7367926473
266.186,21.4470064394
263.702,25.6342966878
284.19,17.4952737707
277.361,23.0970041068
269.29,14.4924057748
277.982,12.5022155596
268.668,6.45374621659
271.774,6.50198696352
249.424,9.02813040617
236.387,43.4847285138
245.699,17.3202733475
210.312,9.48702158743
94.365,9.09941554408
81.948,9.74997483137
86.916,28.4926015098
55.252,7.77732787381
61.462,8.43441604863
49.044,11.6508635984
51.528,10.0378219091
57.116,8.66600900696
62.082,9.81382814255
72.637,7.55801020808
85.673,9.00037946981
203.483,7.73017071753
202.242,8.29344322471
217.142,12.5259896664
225.832,24.9900928189
240.112,21.9978634858
238.25,6.99800501258
246.94,8.01372366031
237.628,6.99701011516
234.525,9.51188661681
220.867,35.4421273984
198.517,15.9369932216
54.633,30.5133132745
65.187,24.0256827578
41.595,76.0640286819
34.146,7.58335528045
30.421,16.3062057279
49.664,11.7880779522
39.112,38.3511783541
57.116,19.8835509785
62.082,26.9092367432
52.77,12.3992562284
70.152,8.24598927885
206.587,8.77412264966
230.177,25.5195875307
243.837,22.5142723898
244.457,9.49807422966
253.77,13.4907130727
255.632,12.9708214454
246.94,8.49344528768
230.179,8.98396137951
223.35,105.010946723
206.587,27.5160634806
85.673,33.0921113984
39.111,48.4498066685
47.183,26.3886735424
35.388,10.480224491
37.87,10.0328593325
58.357,19.7500260422
34.146,19.2015189764
67.049,21.4326007037
56.495,18.734946247
69.533,12.6485767051
189.205,8.36111856823
205.345,6.29317619975
210.313,9.91458522619
224.59,27.9121929938
246.319,30.0250068715
246.94,7.48597949378
253.77,13.4853915956
263.082,34.471387765
255.011,10.5204599412
250.045,6.9993232498
227.695,20.5931846666
210.934,11.2222448249
161.267,13.9099702212
106.782,26.1085046571
126.027,11.1312054178
118.577,8.63952975889
160.793,7.34443255477
191.833,9.06671558912
168.863,9.19231015918
171.967,10.4208290378
210.934,7.04685258906
217.761,8.85871398371
226.453,11.3606541745
230.798,20.5876284851
246.94,31.0830138004
253.149,38.4901276585
251.906,11.5066944248
255.633,8.47873313987
260.599,11.9940599438
242.595,12.4890157409
227.074,11.5058847575
215.279,32.6587506359
185.48,21.6078373817
59.599,24.9624262982
63.324,134.270997039
39.732,20.6550342249
38.491,18.6770842595
31.663,8.36315585291
29.799,9.12465708147
48.424,12.3124942623
44.078,17.5320986414
54.01,14.0869212269
64.565,9.86651819704
93.744,7.5796148558
226.454,7.29579474169
241.974,14.2191998277
241.973,45.0163776835
259.357,19.5174958404
272.394,8.5152233996
250.666,6.00830936723
248.183,8.01892560997
241.974,8.99927916625
233.904,19.9982545733
227.074,24.5224803025
189.205,13.7529097018
76.981,16.5103484271
62.082,39.6105003492
58.357,11.9137488187
68.912,8.47533032298
57.114,6.60438342491
54.632,9.1563755518
78.844,8.07819762558
86.914,10.243622399
98.71,10.7329586524
189.825,9.35713052983
190.445,10.2857373471
207.207,13.8018886265
219.624,22.421071029
237.008,52.0109788424
233.904,8.50026464601
239.491,15.4986017562
232.042,8.49032105628
228.315,13.9975033341
224.591,24.4854656748
213.417,24.5183344096
201.621,23.7765511971
55.873,14.5179869629
52.77,15.5134539861
90.018,52.5101969368
55.254,7.76121436216
60.841,7.84562819856
60.22,5.90624939499
81.327,6.35440970501
91.882,6.41841350802
104.919,8.63042624895
198.517,7.95304134803
207.828,8.32527269947
235.146,12.1188997368
223.349,28.4716058857
241.353,24.9896957275
238.249,9.48649511327
243.216,8.93071473622
234.524,7.0082264871
232.662,12.0080352307
216.521,72.9585257019
213.417,13.0210581366
183.617,11.7083532733
40.974,16.9450392398
36.007,12.3705011838
34.145,55.844575463
29.801,24.4485224041
29.179,10.9860900879
55.875,9.87755955565
27.938,9.14652075082
25.452,14.5154192256
42.216,14.4197216205
43.457,20.3464090434
41.595,30.0185709166
54.01,9.78510560339
53.391,12.0121829865
216.52,45.6823163306
217.142,55.4865625267
216.521,40.4990880174
218.383,66.0214788667
209.071,10.2032035724
201.621,10.6376217233
193.551,10.05299621
37.87,10.5584945509
49.666,11.0196794057
36.629,13.022346567
61.461,19.217923857
31.663,16.1235340304
35.387,13.4721805305
37.87,13.620368841
38.491,8.60921785598
36.629,8.86410369781
55.873,12.8399699768
71.395,12.0329493549
88.157,8.52668271418
194.171,7.61181150774
234.525,22.003093884
237.008,30.1026107443
253.77,20.9815889614
240.112,30.9490449118
225.833,35.374263638
218.383,24.2803863911
212.796,6.74484362531
74.499,7.92217024947
60.218,7.45388801218
55.253,7.71140566215
73.257,10.4120681242
72.016,8.84559488393
106.16,9.73340352521
116.093,8.88852344634
147.756,6.93681980891
199.758,7.84203986588
182.375,6.74295131457
188.584,6.69755805478
124.785,8.52672024802
182.994,9.65524545114
230.8,7.3544928039
229.558,19.2937791389
239.491,33.2439582083
277.982,16.0051674362
254.391,14.0127644329
250.665,16.0016842154
247.561,25.4454827725
230.799,25.386442097
214.038,7.57899763864
207.208,6.99538728938
177.409,9.5319735088
93.122,6.91474797932
78.224,7.2263916872
85.674,7.18608902694
94.365,10.4664412125
160.025,7.53123530212
201.62,9.6358166699
212.174,9.67631772921
222.108,11.3372938126
205.966,8.13671640967
220.865,8.54792555289
227.073,8.32849430374
225.832,11.8838134956
260.599,26.5012356545
256.254,12.4961313007
263.703,9.51428044415
259.357,10.4639776148
247.561,33.967445799
216.521,18.3595591162
209.071,13.8048757499
122.302,12.0203742047
95.606,10.2686282951
74.498,11.6756889722
76.361,6.16666463835
58.357,7.20031835169
50.285,16.0890723868
42.216,8.06100009896
50.908,8.6597176729
73.877,9.82841536192
148.851,7.43886838105
212.796,8.07696838107
208.45,7.94664145376
217.762,7.94856501643
212.796,20.849972068
223.35,34.436516871
228.316,18.5016417961
232.661,31.498915067
236.387,34.5250665997
220.866,47.0006257479
204.724,17.8845750451
54.012,78.9509751489
36.628,52.1778750892
39.112,107.515388345
37.249,24.1451422326
40.354,14.789489538
35.388,9.5952045024
34.146,216.55435343
24.834,33.3707822505
26.694,18.1608656944
25.455,25.720091547
25.453,20.7422139245
57.115,13.0
210.312,7.52709985612
223.35,16.6236325293
214.659,59.9980549242
225.833,26.0016142691
246.94,25.9936975246
258.115,30.4164400106
246.319,51.0084566046
222.108,66.9913427158
202.241,24.4540457419
42.216,44.4809942098
42.836,67.010506868
48.424,38.0402831016
54.01,18.0
49.044,10.2217175129
40.973,17.941703185
40.354,18.9032049455
52.149,17.2938181835
36.009,47.1697997102
91.259,17.2565212505
180.513,9.99584907551
184.858,9.4237129488
176.788,7.77133012958
199.759,8.80035868522
217.763,22.228265964
224.591,42.4920387177
245.699,16.9932956261
243.837,14.0101925914
248.803,20.5208489215
240.112,8.4643432033
219.004,82.4818240443
199.759,20.5680126406
62.083,28.1073390838
60.84,22.5334383395
69.532,19.330006389
71.394,17.9794787552
92.503,17.3351727197
93.123,10.9281123833
90.02,10.1419636581
124.163,9.01359794466
197.275,9.63695577446
191.067,8.87634830429
226.453,8.16212830823
250.044,15.5433562836
255.012,21.2304772392
269.29,31.5523536061
252.529,36.4869779533
259.978,15.4930072111
265.565,21.9771797207
265.565,37.9872172329
258.116,37.5995927627
258.116,20.5331615708
261.841,17.5034270929
220.866,22.0765122775
190.445,24.7139205906
77.603,18.4910976684
85.674,23.4803426359
85.052,14.3921444509
162.034,52.2393252109
223.494,21.689101135
184.382,13.3215969809
169.483,10.673963283
153.963,13.2834826461
199.759,7.08037363325
215.9,7.33499070526
226.453,9.13262337851
239.491,17.7203460833
245.698,35.9020518909
258.113,24.5834454578
311.505,9.523995217
348.135,7.06015746962
313.99,7.4882674652
296.607,8.01404827157
323.922,7.51485657755
271.773,22.5243933353
248.802,15.0075839947
222.106,12.2038952159
192.93,12.4717370398
153.343,18.0565779965
95.606,11.8784836645
114.23,12.6156557015
115.471,10.6775770541
136.58,9.62401900402
139.065,11.5941822847
188.11,9.43072908705
207.828,7.90871696547
228.317,9.2996191902
229.557,11.4327551016
257.494,11.1818986716
248.183,17.9512384633
282.948,29.2705240784
283.569,18.9158385095
289.155,8.01097096684
327.027,9.01283948218
286.673,9.04624651484
312.747,7.97733630059
255.632,19.4927142422
218.383,18.9041531094
199.138,14.8571518748
68.291,8.79641156561
55.874,8.68440123292
45.94,29.9111059474
53.39,24.6295261351
261.84,18.0605191851
235.766,10.5156425714
244.457,6.49589568726
231.419,10.0030102835
243.837,6.99167511446
207.829,9.83210869218
227.073,10.1295561471
210.311,7.11919589277
230.178,7.53258718399
210.313,7.2280988966
34.145,37.4595840108
40.354,17.785730725
115.473,7.8183605154
232.809,25.4241307739
103.057,19.5489370353
71.396,165.117535968
49.665,10.7944795322
47.184,6.60156696112
51.528,7.65614615206
39.111,9.47827741811
53.39,15.578727045
52.149,24.4578089624
39.112,20.4837284559
42.216,26.4354371397
35.386,19.4053100452
53.392,21.9619242456
240.733,25.2318756092
279.224,35.1281688092
282.946,20.4339419621
294.744,9.49978409753
287.915,12.0252427417
294.123,13.5192709409
275.499,21.0049233457
265.565,17.973908367
240.112,12.9908830329
184.858,29.6849952048
54.01,27.9575774226
49.664,140.589943768
42.215,32.5914880386
40.354,10.5427680443
33.525,9.1703638414
45.32,22.6400767869
40.353,21.1116675589
32.904,123.952673004
23.591,118.875254668
51.527,43.0
45.941,42.9703658974
44.7,25.0090208395
43.457,54.4099411009
199.138,53.4259059596
202.863,39.9719802055
210.313,79.4973892969
219.625,56.5109094118
225.212,167.013298361
222.108,47.0003803988
211.553,79.0124553727
219.004,109.47134056
34.146,231.514563976
22.349,213.58878588
23.591,108.346757462
34.146,43.4937258361
38.491,15.1059767169
40.974,7.04021160401
57.116,7.00931552815
81.327,7.30514460433
77.604,14.0492159702
76.983,16.1565336981
81.327,9.89783003539
72.014,9.78369133021
207.207,9.72083118442
204.725,64.3404605676
37.87,22.7934416947
40.974,15.9089009691
34.144,11.379103258
36.629,9.81721475253
39.112,19.0557787445
50.286,13.0888574803
98.711,27.8096494064
68.29,16.2488777087
210.932,10.1386106617
215.278,26.3707127664
259.978,28.5053038305
279.845,8.01570350722
282.948,6.96425342693
271.774,9.00150726289
253.149,15.0199846157
259.978,17.4860859844
242.595,31.5308435811
238.248,22.4555169835
229.558,19.5935931843
223.97,10.2754709355
227.075,8.64090045202
220.867,10.6435533644
212.174,9.5988245001
197.276,9.56706728611
158.164,9.53209982839
196.799,9.57008542186
122.301,6.73077909864
201.621,7.45843723817
226.453,10.5944373679
231.419,20.9639591423
248.802,34.1423928347
272.394,22.5459367344
284.809,14.99406767
286.673,18.9835019038
277.981,21.9774247619
254.391,26.408134979
227.073,9.75704173234
227.074,9.48773191695
212.796,10.2405652383
203.483,9.05006257927
182.375,7.11113631044
191.066,7.64959058495
132.709,7.02415398862
103.676,6.95243605081
232.662,26.4730937645
240.112,21.4777531277
240.112,24.9015813564
233.283,24.0605755193
223.969,12.6803896031
214.037,8.37023675317
193.55,8.7167867489
108.022,7.35063403439
100.573,8.06758785555
87.535,6.68156678865
80.708,7.3321284353
70.153,7.80230966526
60.22,9.28399835378
57.737,7.42930492223
51.528,8.32298188845
55.252,8.71414128973
86.915,7.14736291214
98.089,8.1715157621
189.825,8.54122463187
202.242,11.6468639957
215.279,13.9035207088
235.146,54.9038114637
253.77,18.4798062909
243.216,28.2134958658
250.665,18.8971854675
226.453,9.30208519083
203.484,7.33617174333
162.509,8.36359926403
101.195,8.57605051099
134.097,8.8940647456
131.614,8.63642346418
134.718,8.13452421684
117.336,7.55106453724
107.402,8.69155033237
90.641,9.33779777969
108.022,7.83351881991
92.503,7.7341719937
196.033,11.5699452332
203.483,9.7669488986
203.483,8.13159711178
219.004,131.611123539
224.591,12.9958686944
225.832,28.010122115
217.142,46.3523012097
201.0,924.504573448
45.319,12.09334331
45.32,9.20966209983
62.702,18.1411425801
58.978,10.9345394295
202.24,7.62757822519
245.699,19.2500058163
285.431,18.488240359
289.778,17.9311972245
292.882,15.0009478313
305.298,10.9671447398
292.882,8.04290344532
285.431,8.98970155004
278.603,6.10685602914
244.457,12.0050366436
237.008,46.7945878482
53.391,19.0008602993
54.632,17.5337348973
57.736,50.2913069036
47.183,16.7298062236
57.115,9.02034414218
59.599,7.05992500158
73.258,9.96035735586
75.12,9.60984016254
70.772,16.1739356845
65.806,9.17001980034
73.877,13.6196380322
199.759,8.26828133991
218.383,11.4134452509
217.142,24.5313136567
216.521,28.9839354555
220.246,40.1025543501
222.108,36.4988924517
224.591,21.9842828474
227.073,14.4864791272
218.383,23.5020269568
199.138,12.9206423161
46.562,29.406402788
47.804,29.5442835945
52.771,28.416870523
41.595,18.007574898
49.044,12.9511429503
51.528,9.94150987858
44.078,14.077713222
49.665,11.5947759245
45.319,8.50739766746
74.499,18.5581786904
70.152,11.7456096266
71.393,9.27050299566
70.154,7.70732746571
196.034,10.4474477622
218.383,7.76088389345
223.35,27.3722520017
220.246,30.0054415135
223.35,20.0125330196
238.249,10.992630771
233.903,24.002357413
223.349,33.9837021378
205.966,76.0694690116
197.897,23.0233358872
54.012,31.940580907
49.666,25.8051211295
55.254,22.7080656488
59.598,13.7097292414
90.64,17.5950973398
155.205,9.70556139311
174.451,9.8778516855
137.822,10.2647238357
196.653,9.45124542544
161.268,11.2659483817
213.417,7.42987356053
210.312,7.26426877901
222.108,11.773182861
217.763,19.5659963979
229.557,39.7805308363
225.212,27.0575183618
226.453,6.02784465003
235.766,10.4927789831
215.9,41.0180885914
207.208,17.890055618
182.375,17.4660295585
44.699,72.462371012
56.495,32.2246681512
81.949,11.3792570223
83.19,12.3687472874
110.506,11.6451308013
89.398,9.0054479401
87.536,9.2655224642
75.739,12.7496469535
75.74,15.1046554526
73.879,16.9257291403
73.878,24.5483040131
58.356,11.197373547
55.875,8.40114779872
56.495,9.5735493047
192.928,7.71105011263
130.994,8.13154404306
153.962,8.79340602008
181.134,9.25100888742
197.896,10.3575724724
200.379,6.78194230182
223.349,13.025129271
254.39,19.9965970901
253.77,31.9838958116
267.427,29.4946509614
303.436,21.0728188698
284.81,10.6239127845
307.16,8.00850946078
286.673,39.4888975447
225.212,11.8600450887
217.142,11.7782994275
96.848,22.7944641137
93.743,23.6732765201
73.879,7.39408361296
89.4,6.7396681699
108.643,10.0240339798
139.063,8.94490631848
158.309,8.42593964679
212.176,8.3209634699
232.661,9.3213270604
227.694,12.2645271426
243.836,17.1495604695
259.357,29.0668349851
253.149,28.4781053936
273.636,10.9847073188
263.082,7.52144651819
282.948,6.51280533681
267.427,6.50224242451
248.183,7.99403218604
243.837,20.5343238504
219.004,27.1471088996
203.483,16.0086616352
79.465,13.0564619765
68.911,13.4398774186
64.565,34.028859636
63.324,7.93375295138
51.528,17.7906660968
42.215,10.4420823365
55.253,20.1828140566
36.629,37.4794032252
51.528,46.2249623453
39.112,34.8269031959
44.08,11.9229817255
50.908,13.2608096043
200.379,7.70209418071
212.796,15.2856934106
207.208,43.8220617336
215.9,62.5140363229
229.558,17.5124156599
216.521,24.491131047
209.691,43.9805492946
200.379,12.6702167549
36.008,24.5866441586
36.006,65.0000208823
42.836,51.0886280695
37.871,341.065466366
31.663,7.46829742716
29.799,7.93953740203
27.315,19.983183408
28.559,50.6468999431
36.008,91.4378014429
34.765,66.9644948686
44.078,81.8970294357
40.353,29.9419084892
204.725,11.13138576
211.554,10.6448745421
222.108,28.5410085285
230.178,25.959897353
245.077,13.5165285413
242.595,11.5050109494
237.629,13.4937849953
254.391,15.9860941235
242.595,19.6204301943
239.491,26.2846231022
220.866,9.93683880557
213.417,7.88189056604
130.373,9.08226084972
138.444,9.12704425828
163.897,8.13541877915
134.097,8.21817255836
111.126,6.40929849707
117.335,6.19898698738
108.022,8.95352160893
97.468,7.2222159335
201.621,6.57179997631
212.174,11.2972957383
212.796,11.5985235165
229.558,16.2197409314
232.662,27.3943121302
234.524,24.0246601129
232.041,28.1354992454
244.458,20.6186465977
225.212,13.576754411
227.074,10.1840857916
208.45,6.35806000205
80.086,7.41380553552
70.153,7.61149726258
114.852,32.4594905015
134.717,11.0530039064
152.723,8.94581752169
158.929,9.80564042008
158.929,7.06100662362
197.896,10.4334389297
171.2,9.05992884683
216.521,9.63396763392
219.004,9.51045690778
228.317,9.21767991098
244.457,33.9351341991
248.182,29.9199356299
248.802,23.0159045888
270.531,32.0421901036
258.735,29.0405688726
262.461,34.0818650228
277.982,27.3028493676
218.382,12.048593144
220.246,7.74473648586
182.376,7.55641986664
106.78,7.20748264134
189.203,11.0872783822
189.204,6.0842750951
151.48,6.40836509469
189.825,6.38334075555
180.513,9.15172973807
198.515,9.7628410613
219.004,7.18309282843
219.625,9.57659948316
225.211,7.33794313255
249.424,9.75734685005
246.32,27.0519997914
255.011,35.5937825981
241.354,23.2805238969
246.319,22.8281490837
229.558,15.3488730074
236.387,8.25013493476
238.87,6.71978732617
219.625,8.04512300618
221.486,6.93546147682
212.796,6.93258576662
202.862,11.4250841564
194.172,10.3205853956
201.621,7.65511652494
238.25,10.936273295
233.282,10.6507510208
238.871,10.3931342619
254.391,8.23336597338
259.356,10.5614555627
242.596,8.36359998702
245.699,9.45133944702
258.116,10.6333359462
271.774,24.7884062237
248.804,22.2461923262
245.078,13.3399734832
230.178,7.31439747139
217.763,9.38239733457
208.449,6.27174792787
200.379,6.63400936055
227.074,62.0658085001
217.762,116.992509099
42.216,8.17769209683
203.483,8.88587073878
123.543,8.64267210082
207.829,8.79321953051
204.104,8.71068081579
215.279,18.6724369827
219.004,71.7977619099
229.558,29.4798057886
229.558,13.8237127095
207.207,21.3291735731
152.721,9.32164034521
64.566,8.11763835937
27.315,30.7172738073
145.126,12.8043704048
83.19,9.83120688009
205.967,5.7561151181
230.8,7.28724744843
162.51,7.10830914116
93.743,7.51120421208
103.057,8.11218665481
76.361,7.6976542748
67.669,7.89396412889
94.985,7.0533650803
111.127,7.31453468883
54.012,7.48106346484
67.048,8.42347382102
197.896,10.0621956436
211.554,10.9199118979
223.349,17.0767037767
227.694,28.7172633444
232.661,33.9766771149
228.936,30.5352586279
222.108,9.8289144057
202.242,5.75043091521
156.301,11.4276225309
77.603,7.38492422625
73.878,6.56576660287
76.981,6.38801673011
72.015,7.41188228775
63.323,5.86392684981
58.357,7.08268961321
55.252,10.2478418765
228.938,69.314871488
223.349,37.7943621908
206.587,12.0552681758
196.034,11.0539928632
62.702,10.7182796275
50.909,10.867533083
47.183,10.0530657541
44.701,10.8425017163
62.082,6.91334732521
41.596,13.542572388
32.283,13.3643230997
37.869,9.39645366776
42.837,19.8114260534
32.283,19.7968929196
45.32,10.1769899235
51.527,11.3294725197
50.287,9.66574650331
202.241,8.19290784688
214.037,17.1197441894
227.074,30.9899526649
271.152,7.99280195174
272.394,7.53131572501
264.324,16.9944155401
246.319,30.1864835328
212.175,19.6538821865
191.687,15.9817978406
75.74,29.8292423561
73.257,12.8213702414
65.807,7.82986218577
56.493,7.39355690735
121.059,8.05061081331
109.885,13.7435572821
127.889,8.7897336923
130.373,7.78987849003
111.749,7.83991476604
199.758,7.8468363092
215.899,6.77492317672
233.903,7.99300824494
219.625,8.69164373423
224.591,24.8968776178
250.666,36.5188289925
245.699,24.4818991143
246.941,21.5365395233
238.87,26.5068349482
230.8,30.1826018091
209.691,12.851900464
88.156,13.3809496272
78.224,13.6560408085
86.916,13.5939055346
70.153,13.1265032965
76.36,9.00706456857
312.127,26.1771115227
290.399,11.5754913217
290.397,25.9893117496
237.008,14.8352131468
128.51,11.7344189386
121.681,12.0112865304
115.473,11.9962636111
101.193,7.99956304971
84.431,8.712217148
72.015,10.6065388105
71.396,8.74229409318
112.368,8.1702054286
111.746,11.7387769264
99.332,7.3301609818
197.276,7.09650448307
226.453,7.86976720601
251.908,20.4505165209
256.254,27.9886845479
278.602,20.9678090441
282.946,8.99215063733
300.952,7.0355412687
298.47,7.47628338892
293.502,5.98020008573
290.399,14.9989274479
228.315,11.4177354878
199.759,10.4449075083
140.306,14.5088438832
107.403,17.7573042654
99.953,11.2521363686
147.756,11.8118583687
155.205,9.62010762095
130.993,8.84005898282
150.86,9.31931253346
160.17,9.38404034313
147.756,7.66392541499
171.82,7.46251012256
216.521,10.137149549
228.937,9.24665676081
263.702,12.8907406156
260.599,12.5962813307
273.015,27.4752076519
269.91,15.0005377654
122.301,14.0719237774
142.788,9.69482513424
187.962,13.9720923562
246.94,15.9314523762
234.524,11.1704587342
238.868,9.66433359419
256.254,8.41310464431
243.215,10.635414066
251.286,11.494210664
287.293,18.0161999462
302.193,19.2485587094
304.055,31.0554302817
292.882,13.5072234693
328.268,9.5152381519
327.027,9.95702202388
284.188,11.5126873899
274.257,29.9535537307
268.049,19.6726626545
246.94,10.2223458042
220.867,44.2506273851
153.964,13.7456960359
164.518,9.40100878216
153.342,10.9536178996
154.583,7.98727509225
211.553,10.2288963532
234.524,9.12728144512
230.178,7.83926865626
257.494,11.5302066265
259.357,15.9105536328
269.912,18.5638654118
287.294,17.9108283463
304.056,25.4915384202
335.098,12.9410688999
336.96,9.62439329792
335.097,10.4923817235
335.096,8.55873572568
285.432,12.9606335077
270.532,34.7367043327
238.248,12.4251439075
218.383,8.67088898135
258.114,15.8087850022
275.498,19.0240960637
312.747,25.6006507958
299.09,25.965805933
304.056,23.0101263641
286.673,33.3875354693
248.182,13.7551347192
252.527,9.49206383101
235.766,7.78364278662
217.763,11.9545909839
200.998,14.816199822
216.521,14.7833440885
230.944,13.397350299
219.15,12.6423018888
259.357,20.0420332836
268.048,10.9321116842
243.216,9.56949249297
259.976,11.113964087
284.811,16.3039698417
255.011,18.2764524241
254.391,15.6532326971
273.636,9.56681852343
204.105,7.69865286137
187.342,9.77960762818
110.507,8.02527961514
111.126,7.68281981206
142.169,7.57861567149
206.587,8.60299267489
202.241,9.49326368593
229.557,9.61485854324
227.075,8.89378137746
233.283,10.5053074262
255.012,9.15746118257
263.082,11.5520900576
277.982,14.0807363092
282.948,14.4564999071
248.802,11.0633235
240.732,13.8583554683
264.944,15.5985494779
255.632,10.4569105477
269.289,11.5111921913
255.011,9.37605738861
229.557,8.6609503294
216.521,9.21533204769
209.691,8.93921102715
174.925,8.99308743613
309.169,8.19091373757
126.648,8.12171787158
146.368,7.97138138647
195.413,7.51425541594
201.621,8.10137457042
210.311,8.93353530698
230.798,9.23020632697
236.387,10.1667523441
247.56,9.95237295525
260.599,9.82883714364
243.216,9.47650543082
227.075,9.76226940535
214.038,8.33853744143
228.938,9.16498745284
215.9,8.21141651059
200.379,7.21897704878
184.237,7.85643520273
104.918,7.88491370158
136.433,7.40445247959
130.372,8.21046062474
136.579,6.57947487865
143.409,9.74918675915
105.539,7.19527208572
102.436,7.60997069188
106.162,9.19600352234
217.761,7.53953485063
240.111,10.1997585708
265.565,27.6257123532
285.429,20.5263156283
307.16,21.0227471881
307.16,19.1058072683
300.331,26.5278956684
275.498,21.1244857805
286.673,33.9309549251
258.737,14.3704246414
224.591,9.60151909714
208.45,8.21046917669
157.543,6.61526853457
168.096,6.88905243578
112.989,6.57984607086
101.815,6.82627978148
132.856,8.84349262106
197.276,9.54689323807
207.828,7.96546181675
233.282,10.4985641389
250.044,20.1338086879
273.015,32.8251172518
284.811,29.6009586499
292.882,26.4724966508
288.535,22.9726276702
291.018,16.9237265896
299.09,17.5406776445
285.431,33.5367992186
255.01,20.6543070202
276.118,17.7788982152
243.215,11.2005790134
216.52,8.43155250397
220.864,7.02155960754
188.583,6.94921647588
204.104,8.1609403454
176.934,9.68189484858
196.034,9.97607126596
205.492,9.41414368613
289.777,24.5237389151
297.847,18.5968113362
284.188,26.5345127185
291.64,20.7491012964
294.122,25.9660027971
269.911,23.7555976845
255.633,17.2748652366
246.94,9.47863286536
222.728,9.96679156585
215.9,10.9400172054
173.21,10.5145447558
154.585,7.42050789728
145.892,8.88787099694
137.821,8.15462227588
155.205,8.01537689011
115.474,9.51382710376
150.24,9.02010846122
215.9,8.75469755476
251.287,11.38504272
269.291,28.182096614
276.12,26.0065618966
279.224,21.1233429261
288.535,14.6067179216
292.259,18.4911595039
277.361,24.0917570928
274.256,28.109333718
244.458,19.5030623306
236.387,10.0038531124
226.453,9.0
209.69,6.50697048149
178.03,7.5363828617
141.546,11.0857430188
119.198,8.91272588776
116.093,7.77933977821
95.606,10.5542754598
88.157,8.23914363038
107.403,9.88054395561
80.707,10.0399417214
160.026,7.47382580066
209.07,8.329531711
233.283,12.3446900315
229.557,20.5892392408
226.453,20.0601838947
238.25,38.4296926802
243.216,42.6290103146
258.116,34.4645379027
241.974,30.2400034792
212.796,9.19589410785
205.345,6.72740212116
176.168,8.78464427838
101.815,13.7959607823
99.951,10.004130573
110.506,9.14987219159
130.371,10.2607114739
130.993,8.33333240245
103.056,9.37636350403
163.751,7.90124988925
215.9,7.88554433149
238.87,7.0142709289
237.008,17.8194589852
255.632,55.2538420891
263.701,32.6070063063
273.014,59.4890168846
273.015,26.9983332089
269.291,18.539933965
254.391,24.5187700628
251.287,34.7175255561
248.183,25.6163587009
225.212,9.57438550301
214.038,7.49241850166
196.034,7.92820612772
112.989,13.6262181026
114.232,8.01231339632
90.019,7.36534737751
107.402,9.30622251199
119.818,8.16152827548
192.308,8.16467343986
212.796,7.00009044057
258.116,11.7977724003
230.798,11.5461972197
246.941,22.4306855032
236.387,30.3002933189
260.599,24.4877834851
282.949,22.4814786039
284.19,19.0573937531
284.19,15.9891885697
294.743,14.502069359
282.948,18.4829176732
247.561,27.5162780046
233.283,20.4086247864
211.553,13.1507957704
90.639,10.8140818316
97.468,13.6670152028
72.015,7.24614202744
73.878,7.10307816159
96.847,9.60736059556
124.785,20.0222317035
161.268,22.6695617279
217.141,35.5321722264
63.324,6.61320277504
62.703,14.5864912777
57.116,15.1735557647
109.884,9.87795455636
97.469,7.71574075864
88.778,7.3096086071
159.405,9.65420296615
210.933,8.27454146308
209.691,7.35910922037
205.345,6.9285179305
207.208,12.3693652532
213.417,8.14657994041
210.934,17.8322325328
213.417,18.5950543359
207.209,9.70604171815
183.618,12.2502298545
45.941,13.0933797222
39.733,27.043739594
39.731,18.0502928733
38.49,18.6523126787
32.905,19.7626861126
37.87,8.66672288641
32.905,13.8940456151
35.388,45.5597133088
34.145,22.7143365561
33.523,26.7855886048
44.079,17.2665870469
29.799,14.4431623729
219.004,10.3370957393
228.317,14.494675121
229.557,13.4418087731
217.141,13.6774134885
227.695,19.0637248945
218.384,18.8220526102
66.428,7.27151101993
43.457,20.7846553692
171.201,7.80834861549
214.658,12.028543618
259.978,29.4417723712
151.48,11.143068505
133.476,14.5377875562
287.293,33.3322046934
230.178,9.61749086083
256.254,9.36902533452
203.483,9.1467711863
236.387,7.53214564954
245.699,16.8896621451
189.969,9.67845990228
112.369,8.89575486557
148.997,8.79166487715
103.056,6.862306232
76.36,14.9144548659
222.108,20.0072748813
222.108,32.4850894903
225.212,24.0072810115
230.8,33.4522017726
211.555,7.41208408998
192.308,11.3898302054
52.148,13.5735969709
55.253,15.0730475618
77.601,10.5289057352
58.357,13.8167096954
50.287,7.20617158903
46.561,11.3419568562
51.529,16.1090069582
51.529,14.4531474932
177.409,15.9406298906
241.974,10.1313546492
240.732,30.0309154178
250.044,27.1788287554
271.774,32.157184021
246.319,27.4445965018
230.179,15.4164688285
233.283,22.9705720693
235.767,24.6209715103
223.97,15.0258818828
211.553,9.02034509753
216.521,6.49402396057
200.379,18.2222570252
61.461,17.9482096133
53.391,24.6024834263
55.874,28.8646571092
42.837,11.9889829395
37.87,22.8255496852
49.046,10.9332719103
27.937,22.2362035846
24.211,44.9285385501
35.388,45.0232413308
63.945,39.4854687464
28.558,24.363393445
24.212,21.8168020498
29.799,7.11822820603
40.352,6.1373506903
48.425,5.53924391213
201.621,5.51666497847
208.45,6.68674699591
206.587,5.69397698675
220.866,6.9521596098
208.449,9.67707230372
207.829,10.5792823172
208.449,9.64264308414
54.632,12.3863259606
55.254,11.8332337255
56.495,11.8407164642
44.699,37.2234278668
37.871,7.43921808038
39.733,8.60686026311
61.461,13.7808337829
31.04,16.1786714616
37.248,18.1168619607
36.009,17.9090214784
47.804,18.0405879442
32.904,10.265799337
34.145,9.58434290797
42.836,9.71405246168
44.7,9.27414223338
47.182,9.38882986606
188.583,7.88333896629
204.725,9.85558124282
202.863,5.48142735947
181.134,6.39078266184
54.011,8.19871840234
44.699,9.01937686801
54.011,7.81738210389
40.974,24.5303145448
38.491,6.70051392095
37.248,6.95347774894
29.8,6.24719451998
36.627,7.44476472982
52.149,8.63419986822
197.896,10.6117787856
208.449,6.59821491117
259.978,38.2834569616
273.015,29.567889968
254.391,38.9345607708
261.219,22.1657460224
234.523,12.3747084262
223.349,6.50777598473
199.756,6.06663490065
189.204,5.62597178711
187.963,8.2881227905
70.774,6.200873592
78.845,6.10266356003
65.186,6.46516230706
73.256,7.06638735518
61.461,6.80722257719
67.67,6.10234474835
67.048,5.86611864476
91.261,5.46869329358
106.16,6.41041356076
165.614,7.32177034296
195.413,7.29199897287
197.275,6.76303938678
214.657,10.7007540329
230.8,26.9217943817
226.454,20.9132782664
220.246,18.3344486325
215.9,6.41820506896
214.037,6.97277251047
207.208,6.77237331905
201.001,6.89551294192
99.33,8.49181011499
106.159,8.65581172641
186.1,9.606747404
182.997,7.98871931362
202.862,7.82795446415
105.541,6.16693807202
98.711,5.7548736498
93.124,6.21531761815
62.703,7.03837137153
76.982,7.43469529172
199.137,7.39895707009
206.587,7.61903972119
231.42,19.5476474393
228.317,23.7355180751
240.11,28.5214929731
242.595,16.0103936466
246.941,45.0011980956
226.453,20.1026753084
212.175,7.22755776476
201.621,8.68968876858
158.163,7.15562624245
99.952,9.79055997736
112.988,8.464323201
111.127,9.52276140282
116.093,7.25263821261
108.022,6.31036557623
102.435,8.19516207753
86.914,6.83980512116
90.02,8.01271157115
80.084,8.04053344139
68.291,8.88236687512
203.482,6.65120518727
231.419,11.459654782
227.074,13.5274053076
238.25,21.9479966847
246.32,30.0932207127
243.837,30.5313467861
219.625,22.1636805161
220.246,8.9466460892
224.589,6.32674483814
211.554,8.25096599734
201.621,7.37331412001
201.621,7.04670998484
166.235,10.4615351494
91.26,7.96918249742
120.438,10.792864876
127.269,7.27499281374
136.579,7.32242988936
107.401,6.48003641414
84.431,8.44870629035
86.294,7.18888777937
90.641,17.1441902748
172.441,9.35369062873
73.877,10.2499765225
197.275,7.52800776626
199.759,8.65528080357
244.455,38.7800614416
284.189,17.4478322182
289.156,18.1480473885
284.189,24.7922991864
272.394,28.1733497906
255.011,13.0574916571
231.42,8.65999408155
192.93,7.08143172767
101.815,14.9243057449
90.02,9.30628240176
103.055,10.232615512
89.4,8.64785094245
67.669,9.22814340234
78.223,7.88928262324
64.566,8.06151108229
49.666,7.76122381335
46.56,10.3288980285
50.287,13.3536670434
55.252,16.4720618128
52.769,9.89971463069
193.551,6.55627975548
204.104,9.06939926896
223.349,71.9954624944
238.87,28.0504947796
235.146,22.543065714
227.075,54.9691195856
221.488,35.001081851
235.146,28.6417829621
240.732,14.4758005298
209.691,16.6841594511
127.89,8.29547949321
119.196,12.1883692686
100.572,8.82992477231
101.192,11.8870865791
113.61,7.86425400091
99.333,8.39061610409
82.569,33.8077406253
65.187,12.2828770901
62.082,14.3402536876
199.138,13.7610777742
205.346,12.0570138402
209.071,24.6792715536
214.038,35.9907761243
217.763,28.9906561911
217.142,49.491224114
216.521,41.5107321476
220.246,44.0231910156
222.108,30.4905829565
222.729,28.032303195
219.625,54.4758267878
204.725,23.0050230897
180.513,11.0442716252
102.436,10.4523033202
152.1,10.8076453321
129.131,14.3031949608
100.574,8.29578371314
114.853,8.57331325911
103.677,10.6418764328
97.468,12.4070714868
84.432,12.4253223503
78.845,8.55735581254
205.966,11.3200380971
212.175,30.5646346454
148.377,11.2149823659
211.553,8.84767605624
232.663,9.23631852731
255.011,10.3508972399
240.112,19.6786068555
238.87,30.0424361773
244.458,30.4887822487
238.248,34.9709768421
229.558,25.5150355876
230.8,37.9855779378
240.733,30.4520251496
230.8,17.0100545269
238.25,6.51796418271
237.628,31.0133723389
215.279,15.8336607095
62.702,31.930191667
59.599,18.3495263654
55.873,23.9082778351
57.114,25.5524318014
57.735,9.67237068432
54.011,10.5809416827
44.078,46.2579779825
54.012,26.0459435216
111.128,15.7139691798
186.1,16.8173947881
220.866,8.78611366564
236.387,17.3218944634
233.902,28.6257686026
231.42,33.5167048074
241.974,44.6480540964
229.557,31.6497591941
218.383,28.5932634682
217.762,46.4190390397
230.799,6.00394458
237.628,5.98789946995
220.246,33.4975507038
205.966,28.4120029
57.114,17.7536407244
68.91,18.5120880964
69.531,16.1911019175
63.945,13.260011989
63.324,8.31706015525
208.449,497.914084194
217.142,20.0713730643
232.041,31.4948433146
245.078,14.0163885663
243.216,33.9965446193
226.453,20.842049438
212.175,9.1376904192
191.066,9.30736017213
100.572,10.6725101997
80.707,8.63013201994
62.082,15.1513245865
47.804,16.7257519129
42.836,22.4943572952
43.458,47.9654248105
74.499,35.2709657483
45.94,25.4579254715
29.178,7.7831648966
24.212,7.69496312459
32.903,11.2202184459
32.903,15.3000904746
51.529,13.1796896618
45.32,6.60957657598
37.248,7.98161142295
54.011,9.07019682132
39.733,10.0298940868
34.145,6.76966164357
197.896,7.11746693293
36.628,7.2403890805
57.736,41.9704678056
60.841,26.6325997974
28.557,16.9629266843
97.469,8.47242712647
112.99,9.96455925226
202.242,10.8237465566
238.87,8.20008056837
223.97,9.9209947249
241.351,10.0697887092
232.662,12.2754453887
223.971,13.1699242934
235.766,10.9355463175
207.828,7.70668363664
204.104,7.57684157188
77.602,9.62574810873
40.974,8.06203975996
40.975,9.03131132662
37.87,7.62869079944
44.698,9.65801950889
40.354,15.5059634326
88.776,11.0222444411
62.082,46.5887817381
46.561,7.08258915097
31.662,9.12019865335
32.281,11.1482883541
27.937,10.2700542789
196.032,12.8999355549
220.867,73.9630561691
244.458,11.5125041258
237.629,15.0185116731
233.903,36.4905138494
218.383,26.145058304
211.555,10.675723694
196.033,8.21004709518
191.066,7.46628819338
106.782,6.08536327283
78.223,5.4212332672
88.157,6.56667763145
86.914,6.82774658707
78.844,10.0931267486
67.048,6.30669401984
75.12,6.34773415378
60.84,7.0213575581
43.458,10.1560109811
33.524,17.1959792157
35.386,8.68700631798
43.457,12.4567546339
165.614,6.55114404962
217.762,12.7451946128
237.629,32.0228959821
242.595,34.1275254648
241.354,34.4894278417
239.489,26.5007119869
241.353,11.2671067752
204.724,8.22986285548
112.989,8.09233187431
112.37,6.35123636556
98.711,6.45377221309
112.99,6.40155168342
88.156,6.27424182449
86.914,6.41241060353
81.327,7.57006145965
98.091,6.30114957054
155.06,7.43563574239
202.861,10.5732271784
216.519,9.17423391718
220.866,10.1199960051
225.211,25.4362770274
234.524,42.9899643682
228.316,29.5051097099
232.661,25.5122640892
228.936,16.4807527325
229.558,16.9949960436
223.35,31.8094377951
207.83,11.3321821035
189.204,42.6117719079
86.294,8.84750747966
181.754,11.1169263136
137.821,8.2435647442
144.032,6.0642913457
161.414,6.36586731549
168.863,8.61826412977
160.647,8.26601221276
121.681,6.27580294957
101.815,12.1104112843
202.24,7.0202591713
204.104,8.35289093593
233.282,14.4484543631
264.945,33.5281595988
243.216,39.381466474
228.938,37.5997450936
225.211,27.7050994203
230.8,28.3085790424
219.004,14.2902756357
217.762,8.88855060474
195.413,6.80557544299
176.789,22.1121065026
66.428,9.77194572056
62.082,8.45262906184
60.22,8.4358083369
50.908,12.8489900075
47.182,10.3379949513
47.804,7.4619451125
238.87,31.1249687749
42.216,5.86313616327
40.353,6.93026091178
273.016,32.4778085603
202.862,13.216247399
215.899,8.00238910154
213.417,6.86112201765
85.052,6.96775221238
61.461,32.6118081781
83.19,8.1849274685
109.263,7.12944503902
236.387,7.02507593681
233.283,17.4956043027
58.357,8.64472386058
80.707,24.1626496126
41.596,8.41984603118
47.803,7.78666207401
70.154,10.5982797251
128.51,7.08252942924
49.666,7.79362055831
87.537,8.23456624368
86.915,11.4508473367
54.632,11.6838867681
220.246,6.67401063082
73.878,10.2017515914
66.426,12.505092585
225.833,7.90290288597
236.387,8.27109010409
186.721,6.29405058897
81.327,6.85768092168
150.713,10.5675087512
75.12,25.5133399241
101.194,6.88973318503
219.004,41.222714955
60.219,7.46789973842
63.945,9.1
47.804,72.6473044944
40.353,16.8008485694
42.216,32.9863399917
37.871,34.7915237152
42.216,19.7828551008
197.276,11.066791838
204.104,6.03619569168
224.591,21.0564588317
222.729,37.2152924205
232.04,33.2179399278
215.9,13.4297191757
212.175,8.89565107109
208.449,11.9510848013
217.762,7.77626734331
194.169,6.73652974369
206.587,7.20602762058
200.38,7.07666960425
96.226,7.57936762635
78.224,7.23197652365
90.639,7.62055646401
91.881,6.97068278427
85.052,9.29860889323
63.945,21.7507901654
59.599,16.0720995209
49.664,23.0512978233
55.252,11.9110379499
198.517,8.47278443067
204.104,7.61436343418
217.141,26.4110285623
212.795,33.2365043195
204.725,10.3654070009
201.621,8.49894130229
200.379,7.71576264674
209.071,7.64968494346
211.553,12.1900007927
199.136,6.53268378746
91.88,8.32456726855
81.326,9.44033310584
82.568,11.2299807375
76.981,8.20281609898
77.604,7.08972546331
71.394,7.91494026418
79.465,10.8181790468
63.324,9.00464400996
57.737,13.4463588677
58.357,15.2368992704
191.687,13.5227772123
197.275,10.577142375
217.762,10.8451563366
227.073,43.5925695726
222.729,15.8071092514
223.97,17.7028149161
223.971,10.126819369
215.279,7.41589990548
204.104,6.22633236522
207.207,7.5
184.239,6.76492180487
63.323,10.4477694881
58.356,10.9048977626
64.565,10.5559260182
76.362,7.99615276574
78.844,13.6548335475
77.602,9.48917560845
85.673,27.0907678835
76.361,8.69789987564
65.187,17.7333046712
71.395,10.222765741
202.863,7.50969846196
208.449,8.65059831354
211.555,6.52729174798
227.074,8.73060329118
219.625,14.5543942738
215.279,9.84631592064
217.762,12.5300078134
220.866,9.4432083585
219.625,9.06145821128
230.798,7.58998443625
215.279,7.40637232378
199.757,7.8431581185
111.126,9.33083926387
109.886,9.06720201097
110.506,8.52165795504
113.612,7.70548431627
98.711,6.71497698095
144.029,6.91125614063
136.582,7.10884067401
202.24,9.99960766286
220.246,9.66840325582
235.144,9.73143540467
246.321,18.4515495935
241.974,15.6327297647
242.596,16.7811943776
225.832,14.4781540825
220.246,9.68073943325
212.175,6.72130478701
194.792,6.50305081032
184.859,11.9768809998
91.261,12.0977521318
80.707,7.58821655006
80.087,6.86171530057
78.224,6.78761230287
95.606,10.2831418188
120.439,8.34612755396
201.621,8.9809547581
201.621,8.01390667026
194.792,8.95443227072
214.658,9.32649496194
210.311,8.85265670134
209.071,7.3570493176
206.588,8.58215540967
210.312,12.1554782394
241.354,10.0915167681
235.146,7.59800483553
206.587,5.5899480962
203.483,5.59051439183
201.0,6.74062256258
204.102,5.80727873741
186.1,5.63140220762
69.533,11.1044771029
57.115,15.1392182196
60.22,12.6276954089
49.666,10.7986421834
102.435,6.46148578322
82.569,7.44668269194
124.165,8.53178246894
207.828,8.41213600891
252.528,8.84517300182
238.87,14.9753462445
235.144,18.9009609891
249.425,27.5441395952
243.837,23.4324525408
261.218,24.8862756897
241.353,17.248712352
251.908,7.92155087656
241.353,8.08207300491
220.245,8.65347019865
238.249,9.64845168969
230.8,7.45698146857
232.04,8.60307437958
206.587,7.00246801149
185.48,7.29647199243
104.298,6.84215983346
111.127,7.85411287288
90.64,6.72969740256
88.156,6.63722613849
100.573,6.49013741526
172.443,7.88449302094
213.415,7.68890805863
233.282,9.08206617746
237.007,10.2922175439
245.078,14.7802552319
235.766,12.4607208815
238.249,9.86163666925
217.142,6.74833756769
211.555,8.11245399415
221.487,9.05219775447
220.246,8.65724538795
210.312,5.91309116353
218.383,7.78088935385
215.279,6.60779865576
191.066,6.83905068424
182.996,7.84503501769
94.986,7.43167674918
106.781,5.92025074753
140.926,8.39113156667
141.546,8.19093682452
185.48,8.15062256239
215.9,7.43610286446
223.35,8.87690620615
246.319,10.3902049802
251.906,19.0110790431
265.565,15.2555726651
250.666,18.1123813511
221.486,8.64465123147
217.762,8.523915481
209.691,6.68621121884
200.379,6.66892742629
189.204,6.56973134946
93.743,6.87783647933
186.1,6.94351265549
179.271,6.22800310813
64.567,5.70529393077
204.105,6.88400666047
63.945,8.62494006493
63.324,7.15044513551
52.769,9.31055329279
86.293,12.4138158362
105.539,6.85613648023
112.369,6.70976731311
188.583,6.06175798806
199.757,8.22203828059
212.175,8.59423451901
214.658,7.5
217.142,6.19838019936
202.241,8.25839523362
196.033,11.3558123158
71.394,7.13124265427
66.428,11.3451002742
88.158,6.63541742327
83.19,7.17689476524
93.745,7.27803080163
76.983,7.87419310342
73.879,6.11942590103
155.059,7.72894841103
85.053,7.20860611188
155.678,9.26087649042
84.431,7.69793284685
62.704,7.03181901931
90.64,7.08710762003
98.71,6.56433053389
228.936,7.03932267565
248.182,16.4260602138
238.869,18.8176305868
239.491,36.7206615737
227.695,31.2392892153
222.107,20.3571099862
212.796,7.54244779877
200.379,8.56813838992
90.018,5.50801550148
