143.828202394,3.90721427353
116.270161547,4.09140789046
101.638038224,4.43633096397
93.0991007371,4.4184573037
82.2255610329,4.2220284363
77.376054732,4.10115433264
70.033952591,3.96702217715
68.4769452954,3.93534938305
66.9797159451,3.79626837246
60.7265675955,3.71117627481
60.867976915,3.77283371971
70.2890395538,3.64845993668
96.5673770325,3.6500188962
135.590938245,3.89744673907
200.239931669,4.72846037664
215.36151699,4.36262801205
218.498526735,4.09305439154
216.699746753,3.89320921945
212.170736306,4.5800321546
193.197381317,5.49830649427
80.2460500532,3.83056692636
75.6272182018,3.94591251845
68.1793605052,4.12811316909
72.4872714777,4.12188780649
92.333887078,4.18394346884
92.4759628253,4.45548158761
85.6065152999,4.4047446247
80.9192044064,4.4033001383
78.6983257485,4.30642200215
72.9628418142,3.97759115087
68.9254934924,3.90063006467
62.8781474019,3.81353320901
55.5521029703,3.56297183047
50.9792076923,3.46083420913
55.6585248826,3.37494699795
181.52031738,4.5307327821
206.71322796,4.52877637649
206.607063492,4.38993077136
207.94756973,3.88576521905
205.899857678,4.49113916437
79.5675471014,3.25959040852
53.5379912049,3.16477515802
48.9866588022,3.26513838151
65.5068467742,3.62478885898
79.2485797872,3.82431373639
82.0851853496,3.99304378334
71.8360628445,3.96775228261
82.5005690476,4.28507520702
73.7858093607,4.10607880681
72.5668748538,4.20572966461
68.5937471526,4.09674209513
64.9638178844,3.921403191
66.0401001076,3.87251302423
72.6167507821,3.7528669149
99.376519,3.59787184763
149.357128889,3.99484547382
211.770397972,4.55431879053
216.147588443,4.24090723302
214.213920046,4.16898504051
209.512598504,4.48490171605
113.991263747,3.6631327157
48.2325394737,4.30494400918
26.4356316695,3.09670526837
26.6114620517,3.00020834895
22.7629670683,2.88974200477
21.8632685039,2.83416362285
27.782028,2.87744550312
42.5991857778,3.19927805775
47.0909089184,3.41149601028
48.0394287109,3.51386379254
45.97026341,3.44600888323
42.2467766258,3.39249166186
38.3749047619,3.2928553579
39.4047996374,3.26298144068
39.1181989001,3.29636678025
42.8892070896,3.35531620613
60.4477089073,3.30281754663
203.240171575,4.60802934294
209.655065957,3.82750043455
208.375761013,3.95306219204
78.3910591133,3.54452525158
40.4550887992,3.62989789389
36.7837548807,3.90211597877
32.7248081335,3.74963885412
30.9815442105,3.78762785589
32.8479544259,3.15402191343
46.4726072374,3.17605994377
59.3100763052,3.61048227883
62.2628737166,3.692821263
56.9798989098,3.56690761152
56.422511976,3.58992466691
48.6443215941,3.33540083409
43.9649718693,3.26321290049
39.7498513514,3.24119885396
35.5760225108,3.11551458154
35.1664709619,3.26345538887
34.4029963636,3.26967205866
39.2069504505,3.24103363444
149.392646724,5.12026526511
205.983772917,3.74878629483
150.156558651,5.27601480609
30.5224208224,3.14832057733
23.3112311321,3.39495840755
24.2155841924,4.12248859862
20.4276480836,3.13253352839
18.5593829966,3.02762920314
24.0636587537,2.66840048798
25.5672676878,2.62518268465
31.7371661515,2.78099751535
43.3827419651,3.30263418704
45.7856884422,3.61703228435
41.653409919,3.63862862784
39.151333682,3.76422692554
40.5218512397,3.71483109099
37.6752568251,3.63787686826
32.6151712871,3.56314303787
31.537733871,3.62791343158
29.7702194656,3.43160832086
49.1589205176,3.32134933648
198.178160535,6.01656077174
120.490697442,3.9992413754
163.460907731,4.48691110578
200.038584803,4.88252000143
193.101208976,5.04753722057
204.132088496,3.97938715155
205.375476861,3.62054022728
103.549296849,5.91541672665
203.506637594,5.41114425954
207.823766187,4.31446645983
178.704369565,4.60280382943
47.7729205742,3.44283018465
38.8060501792,3.22511716699
26.0844834606,3.05114618704
31.4731231061,3.40800309114
34.7838568773,3.34401687703
32.5812764085,3.16788237953
88.5934582104,3.53842120582
28.425976247,2.84918830128
44.1203839542,3.43539028702
205.846265625,3.51249638085
201.838703237,6.44862106605
31.2364411483,3.44011479319
19.5946071066,3.65218823292
19.7567184567,3.44793864114
16.5330470085,3.07645031797
13.6900808081,2.59601700366
13.5321851312,2.62334856503
14.6929399076,2.7713469092
16.3735031334,3.21861990363
14.0370849273,2.75260945815
22.5278425414,2.48499268312
24.7800863053,2.56537837354
25.8225967239,2.80722557725
31.5182992126,3.14838406884
33.0320277529,3.21945110496
28.5027008547,3.07622317875
26.6903667546,3.16577986639
36.3894217926,3.15958289867
210.784661941,3.92388971423
23.1956302596,3.21932460883
23.0886439114,3.31892425139
212.28427459,7.37001885943
201.712749409,7.57547324086
16.3604489796,5.626293402
17.8620269058,13.8922500397
14.4722415144,4.68183431947
13.547971549,3.78158791754
13.0464188948,3.20649683123
13.9148369028,2.96444022833
22.4790527638,3.01154438664
22.7277145038,2.74647014439
33.5015371263,3.47080615651
39.6775353201,3.97140509406
37.0454664502,3.8926456333
35.6668933474,3.79869963533
32.1706253902,3.74516282522
33.1065950855,3.84330223839
47.5410840249,3.72776873399
111.253242581,4.63926016952
210.266250217,3.12442893001
147.441970909,6.54371026635
228.365681922,8.2334280779
211.06079517,3.21799047505
87.2639537915,4.26045634652
21.8153960149,3.98846412669
30.1596865539,3.20435218621
27.7118693808,3.04737694061
31.4626201681,3.02137913689
31.2047957689,2.92753508314
33.481210394,3.01522387826
28.1166807018,3.15714913663
29.4645023652,3.405068599
25.5719521277,3.18316396436
24.1076452465,3.16605866466
24.0949224806,3.09995152519
25.4655132318,2.88601055782
25.792746315,2.79083446178
27.1503513085,2.8525816441
38.2854727969,2.75638682328
218.838369146,9.78523582154
18.3812218208,2.59918431279
15.0839625085,2.45249542631
21.6812474302,2.64239220913
208.411526646,3.76082468501
90.944899106,4.59609768247
22.7220933333,41.8065276237
14.7495306859,4.31634330532
13.2825316092,3.44728892817
11.2693819174,2.80479804783
21.9110838369,2.71632875589
32.9890568455,2.8818348835
27.6898632544,2.74842484319
31.3799618794,3.18725269663
38.6694547069,3.19630815939
43.5876162162,3.2406630619
49.4876729901,3.25007387352
55.8771914515,3.2039018148
66.0072300806,3.22209738027
93.9240432277,3.45469336506
208.904479421,2.74333976777
221.070762814,3.61017751767
188.40778727,5.98162277959
81.6066293839,3.407759104
79.0264382129,3.42079280854
222.885669145,4.4579872102
205.760048756,3.5590519825
32.433848816,3.269558294
23.1318331726,3.45398895354
27.7817397959,12.8947780578
18.0709566421,3.31958633129
16.2541537849,2.86804185139
14.5477181677,2.79364489728
14.6326106115,3.23336982418
17.1718901674,3.76041667508
25.7566709234,3.53007746065
42.1018492063,3.56581078576
44.3464423676,3.73586153235
46.2053507692,3.69055540188
47.3403833505,3.69687579227
103.467130536,4.18872060928
206.417880871,4.12122565125
210.55837207,3.51193455931
220.58369326,4.94715712427
194.765683698,8.74578122727
114.687074189,5.56262290024
231.800405405,8.09462783068
215.022133641,4.14249684567
201.874820268,6.82676327652
33.9215471478,4.18554916165
38.4570412371,12.3498455731
28.6784167679,4.37044846325
27.0181024096,3.61387060369
28.1024964912,3.15535847966
29.1856923077,3.14615349443
30.4131321586,3.17042969436
36.4435164444,3.1989327635
47.5180232558,3.48707615588
45.4547665072,3.44405278447
43.01548659,3.44660873617
41.1303376265,3.30929567551
65.0672894737,3.26573843716
217.201511696,5.2611054135
52.990737234,3.82904223868
18.7053247078,3.00354048213
14.4449723261,2.6905803285
13.3940971691,2.75096001526
19.9959172043,3.86472449387
205.237244953,4.83809293674
26.296371875,5.52321832268
11.7035882353,11.2507163047
11.0102744361,6.6756369387
10.3564150327,5.82797104399
9.13061866359,4.14506649547
9.07177039848,3.41136716691
9.56705660377,2.82878722791
10.5307724444,3.19901604494
12.2178004269,3.82958927192
19.3956195029,3.4401062498
26.594884743,2.98417881855
31.1444826389,3.1206263006
202.760076923,4.53898192604
207.681342335,2.8572479528
211.200646279,2.6523348799
216.829466726,3.19309083233
219.506438538,3.9851451189
222.365950151,5.42909890983
218.971238095,4.62879995143
209.663818917,2.90919603175
202.439839667,4.25165410478
24.2174310646,3.1399570022
15.960882283,4.18157358605
15.7405778008,3.7318420108
15.5973306085,3.26831707422
15.4322850394,2.83365816599
18.3829034594,2.89500674241
24.7506135714,2.57072730245
30.1188227642,2.92593864919
36.680733945,3.30124779442
35.9209944186,3.34620859413
27.8218067079,3.17575223586
27.2772036503,3.45401145495
205.259192961,4.36509798532
208.418289637,3.18668115313
210.878146945,2.78324497872
213.851858274,2.84970655176
214.24685969,2.79009017751
211.536909843,2.97705881771
213.505392599,3.248019186
212.147128469,3.69873886269
199.769751545,4.44856671482
91.2687771976,3.12993098638
44.180335426,3.22802102681
41.9407385965,3.15477000649
37.6290385604,3.08415545008
37.9260402802,3.15125111762
33.9451635593,3.048069752
30.6062627258,2.95475370124
28.2514288052,2.94367747192
28.257756,2.87781319946
57.976395112,3.66378839662
90.3844125122,3.51578618545
185.777491591,4.65378074026
210.017852174,3.90854750879
210.088206218,3.72520393644
207.630858458,4.13969093624
192.862068874,4.76478063889
119.688109053,3.70257376385
57.9479343987,3.02536590552
42.8509561258,2.97891479816
34.8282126582,3.03636919865
27.4192782258,2.90148169102
215.181847826,8.69043546576
222.301420792,3.56210384426
221.686203302,3.71332995506
216.112719372,3.7688986713
209.972162762,4.43693144342
153.266156725,4.20869977322
60.1122699275,3.25934704958
36.7071000894,3.21492413484
33.9889974003,3.11777273236
48.8656180492,3.27804202297
39.680301701,3.22205673951
42.6391573034,3.36988566765
45.8965856874,3.38732990439
40.3363918919,3.47362142254
37.3393970588,3.30756909824
37.6149176688,3.32855725825
36.5844831858,3.1833942866
39.7868157895,3.15708198698
46.3751190037,3.3168157026
63.481287156,3.30097104484
127.527454739,3.82258381379
209.110358942,4.5313256537
214.866625871,3.57986843721
220.550812016,3.48469431093
89.6606868687,4.0377704475
56.5774068136,3.60432580956
62.6599067882,3.64579850877
74.0654590495,3.63789123501
101.278615307,3.61970484346
124.578135076,3.91076643211
195.587104608,4.47995615591
209.973162874,4.30936438895
215.490030581,3.66796460656
219.21845283,3.39358709266
223.1200715,3.57217081227
223.889282365,3.66578599547
215.191413859,3.45694182487
149.578168176,4.65598002432
28.7039292365,3.34844731413
25.4569742647,3.30836358155
22.6890568679,3.14834636258
19.591907377,2.94825325638
19.1716717742,2.89990247255
17.3572365678,2.88493141875
17.368062069,3.10184868559
16.3165245023,2.75497890584
17.4732849462,2.76393415247
22.4393884533,2.56418091207
29.78239801,2.98286751359
30.505539629,3.0328685525
32.3852075163,2.93950235816
32.1200704564,2.88050390615
38.9629668016,2.91410636048
116.051417414,4.60811607634
203.425099404,3.57695774564
205.220916031,2.74562600916
202.546659851,3.34096600872
107.005870889,4.37969646024
23.2981538462,2.70996814467
24.076702459,2.94986719899
23.4062651391,2.94282869861
21.8068457792,2.92123873041
24.8589285177,2.70718038055
26.6465277178,2.59056872019
28.9314279141,2.76021804967
27.7027405112,2.78797397616
27.9121023077,2.76867514817
35.0851653813,3.08341513419
40.5244603175,3.35912974439
37.9088572703,3.21074506344
35.059004223,3.03802914178
44.6344692913,2.83216297145
71.2775099638,3.25905073573
198.469111765,5.29327615798
204.954911463,3.35260602123
211.351637389,2.89828684662
221.006346642,3.26472223747
219.66083435,3.13529839512
210.964120363,2.9664313193
201.036653895,4.58609049279
58.3942572374,2.97506581155
43.4527783833,3.26747769539
40.7834851485,3.23936409907
35.8389911269,3.19380841834
28.8093028523,3.01789012755
26.483975039,2.80725716891
24.6398824,2.87666836177
23.9975351736,3.20258601389
34.7847155247,3.11815224416
55.9547414414,3.23976865999
66.1884328494,3.2651112971
66.5505137778,3.19604534603
72.8991496416,3.22033275583
146.59279648,3.95708555386
210.133129917,4.28823590167
211.929592135,4.04373821483
220.76596518,3.91545753641
224.864747505,3.59003744799
226.275484496,3.4837463899
217.887388246,3.20367393367
209.59506631,3.83671666513
136.270021825,3.56880914456
53.3327007806,3.11902083927
41.5149290718,3.15099079162
34.7027543103,3.10248454335
32.1672837489,3.09224883969
25.5283925477,3.11780701187
20.6378749041,2.76220744641
20.4306326353,3.14011657803
19.573478332,2.94215738849
28.1291397281,2.71810916783
36.753124374,3.00071409636
79.4371176471,3.35710606635
148.713287568,3.88650751387
170.590754219,3.79491263076
201.047112469,4.39895999055
209.335095122,4.38821119782
213.460601322,3.96288613363
215.001898865,3.71340283431
216.830694853,3.30765272261
215.250512239,3.26224184896
210.185433364,3.35209206485
203.221121639,4.60615233472
96.1990801843,3.31731705935
42.7425402397,3.08132985338
35.0391478632,3.07630260643
31.7545236819,3.21588476943
28.416776645,3.33548025476
19.8852635983,3.01010440906
18.5925,2.96502491842
20.2916845638,3.01854981673
21.7598900566,2.90814015398
23.2046690647,2.87660584866
22.808524961,2.80469893844
25.0178673621,2.68154838351
26.3220037202,2.67719339423
31.7083680124,2.79231163783
34.3627575758,2.72609322293
56.3937733871,2.90186466181
135.567137637,4.38234993821
203.955858586,3.63519880112
207.947866667,2.72669742797
211.699793651,2.85332671065
210.074087423,2.75934288538
204.478225914,2.98863112469
136.986580981,5.34615144329
22.5149901873,3.21043350564
20.8371112224,3.60561888784
18.4219459459,3.35304404454
12.9375960396,3.56227387287
11.1881797432,2.56633493604
11.2175716753,3.10756740644
11.2108223214,3.21144844095
13.2928691774,3.5560409641
16.8444935952,3.07134723617
19.5045178106,3.12432667515
18.1075780488,2.92572382482
22.0066085603,2.79962654851
32.88661,2.99869942931
104.97963136,3.73735113857
205.61446401,4.6233632627
209.125809853,3.10915263287
216.280603321,3.31885354294
218.88198806,3.58122762156
214.981179982,3.30453122891
207.084898481,2.87510574664
184.828440415,6.19862907713
23.1518033106,3.50366602559
20.5044714132,3.87954917598
18.0641447964,4.06775313222
17.0091837524,3.47469415046
13.1734104991,3.0952887627
11.9473156627,2.88748107522
11.596336293,3.9806941372
11.4468836032,3.64050594192
18.1232376718,2.90927578167
20.7964776923,2.76430987833
24.4392678019,2.78458722187
29.7153259762,3.05450767371
34.5341548013,2.97762052857
39.9356683292,2.98948785509
107.081240602,3.86199221203
204.801752874,4.13145251677
212.030658645,3.20655072071
218.926874,3.59815054319
222.724396733,4.19907010412
218.339220372,3.52413579334
212.659657581,3.06533699905
76.0912160377,3.39504569887
39.7162263415,3.51161215861
38.5133233831,3.58099742465
43.3006049822,4.2685183382
40.9857760075,3.37011030258
45.5150269231,3.45789390014
55.8992697436,3.69042026449
63.1448409819,3.84021753504
61.4984002112,3.79655313326
62.671969917,3.7310325445
59.9407428571,3.67231649933
62.4381208459,3.62294410429
65.3735781853,3.47409257133
90.5910887805,3.51004212231
160.832851852,4.29322544597
208.98443073,4.53066550843
211.917788683,3.18060332503
214.300613487,2.9594613335
218.363422495,3.39855783748
216.192328542,3.69162912712
204.706044131,3.37918463226
71.7321461864,3.81221789496
21.7958788789,3.60246380787
21.1417381703,3.77872224477
21.8738663484,4.09301555698
17.1638417339,3.6192324091
14.9672484909,3.62020599499
12.1072406926,3.11508768466
11.3904441466,3.21353720447
13.789939505,3.29695022253
17.0933780687,2.94295432204
19.6079288107,3.01363328017
25.084738342,3.10720929285
32.8981638079,3.08696209543
48.4512378774,3.28884189847
85.0481311173,3.31948634537
155.078123853,4.12260896694
209.323987113,4.63831121305
211.282302349,3.67652600908
213.223857555,3.46171680072
212.983099053,3.10010715375
209.462086614,3.14808740599
205.077880361,4.05458609858
70.7132840801,3.42959813434
29.194140056,3.3600259516
26.2665166016,3.5136929606
23.7270782065,3.75164380247
19.8007724077,3.16250620776
20.0266584939,3.15061667092
19.0449228954,2.83131590638
20.7777003861,2.77900152618
24.1652512,2.87741317793
28.4943160136,3.06596455538
33.502972381,3.42388138025
33.1892798077,3.45773316815
31.3582353497,3.3973517134
30.7571893158,3.37093527134
57.1168820171,3.42477343998
205.401522019,3.86501544525
208.54189646,3.18340644911
210.611136042,3.17815790373
209.910328436,3.1103771053
205.835882092,3.18909945803
202.225667626,5.17687023199
57.8987228682,3.48512887614
22.7298436019,3.4094194852
20.7390097752,3.51720707916
19.8304702381,3.56782625516
19.3382941176,3.58408947936
19.7374687217,3.26164619976
20.26551473,2.94311574327
22.0331818898,2.83290511654
27.7828297189,2.88861515782
32.5216296296,3.09966935042
42.662840474,3.28047687366
45.5979538319,3.31913223575
45.9095798319,3.35823328113
63.9688093023,3.34834466021
122.221396533,3.89968836623
206.658731796,4.36633123581
213.472919603,3.25083698108
212.749647687,3.20165308006
209.698583124,3.00685893855
204.867249141,3.09046799422
194.83496728,7.35875473547
28.6430469157,3.12711414823
16.0821431159,3.25973147486
15.8131037827,3.48927484576
13.8914780115,3.43301837066
14.5094082687,4.64905792955
10.8823541877,3.62862443705
10.1351416084,3.14160789645
9.23832112436,3.06529359245
9.49217626218,3.1855278643
10.2182478713,3.40426269102
11.1786373737,3.63367756159
12.2781938998,3.91154476461
15.5971821397,3.17963650771
19.741132287,2.68933359562
20.4976092985,2.93381574494
80.5239223195,3.93583389499
188.238772994,7.04096105366
196.729995984,7.22075893595
163.094037367,6.37817146579
30.0631485909,3.07207551521
18.0593811189,3.14537274573
17.4190008591,3.09174988626
15.0470886288,3.00937035309
15.1219137778,3.19791022778
13.4634472456,3.3597363109
15.4271662651,4.33330981295
12.4442293408,3.34105435428
12.6436056725,3.29137234461
12.5287195326,3.00437688549
12.9396039464,2.53603728051
13.9804531575,2.49785970641
13.9908280387,2.48515398927
17.161777707,2.29224760785
29.6612211472,2.48708944366
39.9878983452,2.83621276452
111.109429577,3.6191340889
186.782306452,4.83387151859
204.155102233,4.22721618314
202.192359313,4.74690175532
179.223393305,5.01421549555
75.151077484,3.28026866576
33.1706980449,2.60629894013
22.735076087,2.60769569346
23.7700380117,2.6308304582
21.6037136782,2.55013569448
22.3868668555,2.54798806818
27.9738606108,2.81732159978
34.415958042,3.14623638813
40.9076904532,3.46927943186
47.1569213012,3.77495540218
51.0913340517,3.87723310301
48.9599014085,3.89499718323
47.4835229645,3.75663533694
44.5700712831,3.66376006397
45.5777829077,3.53309271636
51.2908941948,3.36587389037
71.5032147588,3.40486030828
146.551618765,4.2712763663
207.628293919,4.04884116973
209.545767677,3.63567602
206.105267176,3.92241571409
201.671914361,4.72123886541
110.332955716,3.70464174052
44.313090678,3.04905228441
37.1345580159,3.18593552445
32.4488219424,3.23463963299
30.0775346535,2.96819563647
29.3956608498,2.72927164802
28.0376088889,2.66556610828
33.6265687646,2.79469834354
48.7705532468,3.11473958886
54.6977790909,3.26855077332
59.7520564054,3.43997762378
59.5576069307,3.56048859744
57.9397205742,3.44058014589
63.9033608247,3.3708218957
64.9934995417,3.29566006136
74.3047156522,3.12751484829
165.062883178,4.19261184259
208.724829676,3.76001500852
211.191428571,3.11412310203
207.290146654,3.29818965623
198.593541502,4.73051426746
68.2977263242,2.88832969353
39.2989421965,2.96703502342
32.1592122417,2.85881534792
30.4979711838,2.80094934253
25.7699824561,2.74375676574
23.4018747285,2.60484568188
19.8215250529,2.53974480815
20.8674306358,3.46023176372
15.6677876712,2.46414523693
16.5562240754,2.60927387544
20.1628042752,2.40390138381
38.022753811,2.74196097648
57.3004373898,3.17263318711
45.6081120472,3.03179741675
44.3811710098,2.93117544795
51.2027960033,2.99579003012
150.748541056,5.27482874129
207.982894404,3.24298527229
215.884634643,5.22642203639
215.416795888,5.28128677486
204.263728713,3.54287065108
22.2521022099,3.31244692944
17.376455157,4.03297088906
15.5887779097,4.26951444172
15.5225095238,4.27192945816
14.6257309237,3.58972760955
12.7662935943,3.1980539712
12.2305242291,2.6404549366
13.2308809249,4.15847916262
11.6004375,3.8774650705
10.8462781457,3.96930196891
10.8937602957,3.79578945515
10.5082534247,4.10888902622
16.6717767857,4.01282639381
26.6245990431,3.4441661719
43.3250437557,3.28105633741
168.374232246,6.90006737809
204.205899207,4.07514771704
215.596903587,4.0135972077
149.74935342,5.84780849662
215.715062241,4.97729356742
202.25425179,4.273158433
18.1865549692,3.16119502383
16.6247873444,3.73235341604
18.1877414188,4.10562151936
19.7295290456,3.72270936856
18.8903637168,3.18436998889
16.692021121,2.92391201025
14.8521856092,2.94260496634
13.6425424028,3.17142273625
13.6901284491,3.42063891606
14.229038176,3.81371170276
20.6552620529,2.79735741067
31.4424145786,2.73166638842
25.7079749632,2.64972312692
23.3496105563,2.56568108955
24.2768505495,2.63445320772
43.6483858652,2.92247467396
199.107009537,4.90246272779
212.574910093,3.05190976531
217.319258919,3.66675810057
218.939854072,4.06512792138
208.541681416,2.65428425723
180.727565147,5.84542028324
22.5760680886,2.95010227302
23.6232790493,3.16371951349
23.3253662207,3.00320858202
24.1827815668,3.31192212497
23.576922657,3.26964301015
25.5932923219,3.32650712693
35.4217414676,3.0697257676
33.2771340289,2.88860854413
45.5716741271,3.22230386612
50.73382617,3.43542561146
48.8896701621,3.43048533785
56.5623369763,3.27720963017
91.6770807623,3.26536399512
103.559112858,3.32875676383
169.723227115,4.17019378066
202.833374365,4.56646681468
206.908781279,3.33488267512
216.481296571,3.33473479532
234.426984496,6.93804155056
169.668137224,5.67357040738
222.666987315,3.80452784494
206.848368327,3.19379060777
67.2127512998,3.11823807147
32.253641953,3.25116342595
31.7143025937,3.45179737269
31.4002306959,3.42922536377
27.6898883495,3.48735858093
51.5164069401,5.67161396947
73.582684555,4.7079253107
66.4624373576,4.09515204139
63.8836648107,4.00639428955
56.9419541485,3.92671110897
54.8655751295,3.72613608174
54.3790721443,3.60415187931
65.6249980714,3.46839447568
85.9832467043,3.38527607413
149.181071429,4.21457646707
200.822678436,4.5364214643
221.758173,3.59675165317
232.313171634,3.69911985776
238.550700333,3.99463723938
230.760094105,3.7184241661
221.5575625,3.62829319433
207.176638173,4.20767672472
102.442994783,3.12652188806
56.227505145,3.36195142387
49.754976977,3.60274322419
44.9446244939,3.64050376924
31.9525548446,3.28955303571
34.4953306085,3.26647992049
45.1862065217,3.55261967207
47.7064554656,3.64181633456
51.5241583333,3.74799216501
58.5534230366,3.76840792609
66.8957513751,3.95750539993
73.8512322435,4.05514537645
84.8887844244,4.05799693033
98.1924037611,3.97974696004
115.920225736,3.92351003976
149.732817265,4.03474072974
215.418964871,4.21291420705
223.91219801,3.58034380444
230.974466529,3.70408755747
231.542154915,3.84150087951
221.395963103,3.40418036997
209.910717557,3.91201843691
58.6912656664,3.17524223111
36.5296995215,3.44370816751
21.4184157212,2.91492241688
20.2326220017,2.97557063785
20.1774925669,3.52106932098
20.0665149573,3.83907911775
209.257078664,3.87751055435
211.376800192,3.4550328687
214.795769376,3.40187835857
210.868500945,3.39948412731
211.188828292,3.20215670869
32.0538201681,3.01907921833
64.4373899043,3.13263860984
44.3168071017,3.44998176824
63.6510934223,3.42798528319
47.2847171548,3.0091267826
10.3820220588,3.77954537322
12.5809579606,3.21860764326
38.5743550347,3.12348197859
83.0523648649,6.07126384238
40.6835738636,4.08408560331
28.0493990773,4.10878467145
20.5916607302,3.20472424198
17.231039529,3.0255538538
16.5098012153,3.12232738371
16.092926306,3.35567426275
17.9404702381,3.56703552487
16.8317841031,3.8641299949
16.3613287982,4.07943061783
16.7255743945,4.14763892353
15.6786745283,4.24342809772
17.3763195021,3.65409399005
85.4896647059,3.523922553
185.763931789,4.6274819208
212.264411917,4.66102928644
223.519403321,4.26718294386
230.039961915,3.91536013376
233.523521842,4.24159468724
232.523410941,4.57644529264
223.074937008,4.04736610445
209.041888067,3.32772180783
23.4950704663,3.71546432573
21.3399257143,4.11298320441
20.6722114094,11.6054945912
16.0312176796,3.96493961024
12.7552108656,3.31181972239
11.820442637,3.07900109914
14.4021280624,4.0066970721
12.2090857461,4.00670191865
12.9470865052,6.21020835223
11.4711167002,7.21570337578
11.7579802131,5.388978986
10.6603179487,4.61292633512
10.2856822785,4.55457719269
10.2037005714,4.1116225182
15.5574064665,8.29574221544
14.0714014448,3.69752086787
200.392697715,6.3258575952
204.535141479,3.85601139913
212.164809322,15.2055626502
62.5303039216,7.03274450793
202.07121867,4.60018957549
17.8986086404,4.57306082965
11.4813248731,6.04465369788
9.47836384439,7.44370234609
11.055702509,6.44415183993
13.8004402367,4.25590304452
14.8685898123,3.21232258338
13.9254615964,2.71005286851
20.1524836296,3.36706288916
24.7714877589,3.38612557598
30.1845903614,3.61196776831
30.2436351759,3.6086869425
27.1970759013,3.41096591203
25.0407867575,3.503885127
24.805320074,3.32749126964
45.5490909091,6.59584052576
15.4614679612,3.49221187689
13.5854056967,2.76734939571
11.6507193911,2.38103727819
11.3104020228,2.27442006952
15.0845327511,2.61683187524
17.7265327988,2.62281948412
23.1613313356,3.0797463135
25.6680943089,2.92533367392
28.4717688525,2.94891825106
84.5858551587,3.56988769732
208.703942431,3.8372445853
215.580704202,3.02414625299
215.535258833,2.95747375204
213.04372425,2.91706948931
208.556982898,3.23925722256
204.549346278,3.87853924895
193.570709443,4.337895281
133.659180198,3.56312120385
89.3170087951,3.16483542476
69.4499495128,3.18708415343
65.726809439,3.2049803852
70.0565815603,3.64636617119
68.9346289308,3.77302702054
67.3679298246,3.71227680263
55.6627245681,3.45340443582
51.2474227405,3.49474656175
46.9931513983,3.46978966405
45.8648454288,3.39036934676
56.7103407821,3.34637870459
91.0905378715,3.45100038066
165.586589474,4.20455288294
209.889222922,4.53268695851
214.999890973,4.2191533141
212.262241297,4.31371374144
205.14190172,4.41940623486
152.18725132,3.80025338853
77.2896402696,3.03035427066
63.899209607,3.14355385839
51.3008355206,3.14871038657
46.3843061404,3.1560798509
43.1347028922,3.15292836156
44.4610159433,3.18712417132
41.321079242,3.10009758629
35.2707059801,2.98738032441
89.5505526316,4.30546012966
194.283002825,5.0817667328
169.970324155,4.50117116663
113.913793137,3.5277582602
73.4602650086,3.0839857068
48.6962670157,3.14050349342
44.0029909829,3.2439611778
38.2634189308,3.15397945664
34.7846903114,3.11372752022
29.2321407035,3.01152173687
28.9837270451,3.00273232979
25.6028857143,3.02254566443
20.2108957428,3.12588645493
20.3518860759,3.25428080049
19.0082836096,3.31251793365
19.9118824682,3.52392090915
25.3767726788,3.83825600683
28.7486531987,4.03564892098
31.5429788183,4.00829954814
31.901935412,4.00551129798
59.0905443669,3.58862725915
187.671055195,5.84156875829
201.521406758,4.50239157452
164.758154273,3.99407453309
102.572952551,3.22193062725
66.7050961199,3.17342035776
50.2104310662,3.30736417
45.1118976959,3.31747457344
40.7153433243,3.26781784896
49.0504646154,3.68758561646
51.9372962963,3.80583034888
47.5919959759,3.61526482177
40.50432393,3.49831869491
38.6120331707,3.5079920696
35.9375342334,3.46946486995
35.1017404943,3.42054323907
32.0600680581,3.2653344196
28.6076802974,3.34488613257
26.3336968912,3.10793233315
23.8759214114,2.88568931471
192.808786948,6.90581506332
202.983331536,3.23345470404
201.886154378,4.1467716681
69.4712901235,4.4434009412
15.6171947115,6.66641093582
16.6048439108,3.07189263131
17.9986111987,2.83515907565
20.9409737303,3.14825875888
21.7123675676,3.24113516931
32.8816923688,2.85914886745
118.811285861,3.68245064435
190.725222623,4.33137350575
207.302091611,3.97231642535
214.668266593,3.98050398877
219.808973655,3.94763566519
224.734981562,3.90265165958
220.102181382,3.4532079807
215.643515284,3.14212189342
209.264886894,3.22872709942
201.094399711,5.15788884436
20.3042273948,3.22103087041
19.0304204004,3.42934651785
18.7363989583,3.74898413225
16.7180078057,3.1213565426
19.2282176128,2.61897192037
19.8065746606,2.3267601167
26.0342700229,2.74540172344
25.7035654952,2.87256114999
28.4150181347,3.10732891049
23.0114673046,2.86933403633
24.372942953,3.01808906465
24.8522542808,3.07966285698
54.0697650177,3.17750195776
79.4541786408,3.49343979178
109.296915691,4.21129400536
156.015972358,5.8381403291
194.568857143,6.50076916456
202.092452888,3.64576382462
203.620965385,3.45849982168
202.577104094,4.19985524249
19.6751265597,3.20618221153
17.3781601563,3.51008404199
18.0659451777,3.65416983314
17.5584754274,3.8429461989
16.5890105079,3.14663007859
16.3979728784,3.14768095238
14.8368362218,3.11805146047
16.6519280984,3.40318444508
17.8366929423,3.29364390038
18.0378179669,2.83565880895
21.1960472915,3.09169509387
25.5628860862,2.9285287177
26.7626030278,3.02666029105
25.5215285714,3.02230143694
24.9584036301,3.10914410885
33.6808849338,2.9771113795
80.2204661191,3.69469386696
185.866277868,5.79634539012
202.967822642,3.39514373349
210.951176309,3.29948903783
209.695328125,3.74855884805
203.37612592,2.9303422191
35.5422024221,3.11060049671
19.7873172086,2.85433693731
17.7433630796,3.14695566362
18.8164026846,3.45099475855
18.8199531532,3.23858609925
17.3494265949,2.76503977304
25.2055692921,3.58620755511
56.5736384929,3.66422774588
63.4137824311,3.67607611196
56.4032754368,3.69768551527
44.9972148676,3.66287954977
40.2730583501,3.61872925844
38.4555234082,3.36998890718
39.8274529148,3.22660085591
55.8874349376,3.20579963281
83.6517670182,3.44961554546
164.947190027,4.84224072732
197.098188953,5.21933465646
204.869197605,2.6940734721
203.603532618,2.97012559154
200.874990769,5.52833227978
27.0329334457,3.02867983645
18.6400117117,3.23861861224
18.3504677778,3.97830522641
21.8561101774,3.35888347815
26.8338423237,2.98498276031
32.7048241546,3.47455971492
36.9299979466,3.68868564555
31.3733450342,3.08173803511
31.2516273234,3.34226008943
30.3444995243,3.42271480421
26.6401803119,3.50418434804
25.3961691843,3.62269559946
24.0871943635,3.49783252303
22.003153211,3.29960164458
21.442004686,3.37286361396
21.4095028195,3.38132369803
20.0053327386,3.20837276378
47.4490586354,3.835949251
53.6679411765,3.71326699195
62.2527652081,3.84077742622
60.9375074468,3.82859437436
54.3768266254,3.71280905673
62.7703897485,3.47908871012
96.6479698398,3.39199030561
160.258723127,3.90580520056
201.483972087,4.36145149174
212.344709677,4.45947737974
218.056712329,4.10477091255
224.047601901,3.79958227448
218.631198265,4.45576475416
72.3298931001,3.49527580325
42.2220311203,3.7314125599
37.3351171459,3.83290152203
31.74845158,3.66663266198
28.2925364964,3.28109751484
28.2167537563,3.00318357548
34.8267263986,3.14613593034
56.0233448959,3.56710793335
58.2110813253,3.60995368897
61.4129262213,3.58861980879
70.397974359,3.54496166924
76.039253116,3.44974317535
101.70257696,3.48392576063
165.606212528,4.02001000743
205.279692201,5.00942633278
211.752173673,3.97600699595
215.26034588,3.66000290427
218.448508065,3.62723152855
216.719972056,3.58752824663
211.149314741,3.5834479161
206.841582822,4.41330541701
103.596440583,4.03467736483
35.4738608787,3.75310877443
29.8564157303,3.67453931638
25.9215215215,3.5998611834
24.3568751576,4.52519720661
19.4489673004,2.7366202199
19.0135047619,2.85547114619
17.4094955609,2.90167839463
15.8268820663,3.50509689781
13.8917665505,4.17981669385
13.6253306908,4.05236634989
14.9783561077,3.72262465927
16.0699137931,3.64496087356
16.398731849,3.48266957174
15.3877166963,3.19325220836
30.292977591,3.35775652978
76.6202593145,5.35261027121
199.780462247,6.62327200599
201.024285064,3.27494422667
200.270427565,3.61509546346
81.8326325137,4.91496504008
15.0616017699,2.89163675184
13.9292478632,3.41653756066
14.268079857,4.2686232389
14.0100464088,3.94840932634
13.7472512998,6.09871459801
9.35825849858,2.54879031251
8.74918302018,2.5039613031
8.6850085796,3.42793385096
10.2151806543,5.05192827674
9.88435691318,5.75404088213
12.36929,5.98848209542
10.7523012618,5.6577707259
12.8961469622,2.95251524816
21.2026011687,2.62827480743
36.6549583655,2.77333934904
135.800293893,4.57880145532
202.94875871,4.6431042903
205.617678926,3.57588761203
204.688185393,3.36924865221
205.293539423,3.46042763497
204.703624872,3.69824661871
200.463676243,3.97725511486
117.153969903,3.49404136904
56.3060881633,2.93569185081
51.5709740709,3.10905133405
46.7894775701,3.36210599675
47.1395439771,3.44070287893
48.5838319635,3.28573656969
44.6228501873,3.36844101613
41.6777079395,3.39934227168
39.1999538905,3.45544585093
37.7157495164,3.4807307082
34.8599386617,3.34401289758
36.0026714671,3.23794833221
42.044177626,3.07357180402
53.4881313808,3.00953325963
67.0485592334,3.13413298575
105.971004921,3.53927283942
103.856065672,3.5790581705
111.645393782,3.72929819124
98.0574417062,3.40483194818
68.1174741667,2.9986742685
55.8787491694,2.98872374496
35.846161882,2.86936713523
29.7593097134,2.86362103982
25.7717449456,2.79891715739
39.3966888472,3.37150305709
48.157870682,3.18762520354
53.0317096189,3.26364356838
57.7101368421,3.44435546731
54.3120170616,3.40917592827
55.0727964775,3.51958546856
57.0058870334,3.53277305342
75.9122816456,3.79471401139
60.8305469832,3.55756953212
73.7820791434,3.34957589752
121.634271805,3.64642918586
180.645335274,4.19030536025
197.823982211,4.57225968372
196.433887768,4.53766085068
191.065190876,4.31374414599
177.033217903,4.23601868924
143.860160169,3.79246139072
70.2278584825,3.06789598084
51.9255487094,2.99408136114
29.7487827836,2.89379253531
26.2832707137,2.95034157421
39.0735399423,3.46375896124
52.2542907662,3.53308691159
53.398667003,3.63187142483
54.7602707293,3.59188694915
52.7413073892,3.54542607065
49.3256980429,3.35129734385
46.4417458803,3.11899882975
48.2892731164,3.08129762807
55.100537037,3.02909838982
70.6256551724,3.10207725182
132.712899497,3.61617338209
183.925828331,4.31916882486
144.610978881,3.79417273206
141.529942308,3.64020687845
89.7296176736,3.244732143
73.2746799637,3.25907477204
63.2819769299,3.19278341674
62.8702283019,3.39140895801
57.1645874263,3.53583433293
56.2092557673,3.60916953798
60.4818167939,3.92481091041
55.7663244353,3.69383526661
68.7076589769,3.60986689157
84.790403782,3.99995899052
89.1538261851,4.06004922475
84.8633726363,4.00157516929
75.0536328452,3.7634670275
74.9918364718,3.56656042434
74.171913371,3.38543811498
79.832459434,3.39317830255
89.3600311909,3.40174247037
112.949578685,3.58454036975
118.222979808,3.45998331459
97.3474777365,3.33801773942
67.6218443223,3.29501746579
58.0461091082,3.41417919196
52.6616157451,3.3722247696
41.255751604,3.29847709587
118.423590969,4.77805986268
207.168054326,7.23550104652
13.6194967825,2.31521455305
57.3065291214,3.55311956129
37.2741602399,3.08183359175
40.1487173469,3.67157672498
27.8356880878,2.81874622391
42.6598192182,2.93036909647
135.092382838,5.93660010402
214.074820933,4.53603259573
204.507713682,3.03911302553
29.8457460123,4.14819198196
46.2610708372,3.30984624464
19.2747074236,2.61873718988
11.4948015184,3.89583602864
44.4312053571,3.21281409322
27.2449165998,2.88650856066
35.3675780201,3.01711544481
60.6056660269,3.45052157835
31.8375754386,3.15512964962
30.2759535284,3.09534440287
26.5438435981,2.91615313902
26.125518755,2.87129203986
24.9988810264,2.79793123044
22.5684003033,2.72844484652
19.4267062193,2.94234726579
18.8646056559,2.8252350572
24.7729372549,2.82207147627
31.5798287154,3.0221357003
37.4768278481,3.0373332859
62.9980735043,3.0757889524
101.220585341,3.61260022775
148.649372093,4.18114968073
118.641174145,3.84200437191
49.3229540034,3.06559018383
33.8245329392,3.03851374373
30.4511256367,3.0540082427
29.1314700927,3.02932512363
26.9942802013,3.01840376889
24.5716740614,3.06899150849
24.9880649123,3.15692989271
22.3661931438,3.00654691385
20.7384719008,2.97225641489
19.710222031,3.09715511736
198.001467722,4.38416241705
190.013994437,5.00198128901
36.1880054222,2.78755005448
25.248305578,2.90855117839
22.2944051322,2.79697727387
19.3289755539,2.74975738602
17.0589772549,2.82177357875
15.8200820046,2.73245362517
14.5439647059,2.64665362773
14.7521653666,2.80001917514
12.8225041667,2.99523943279
11.0829035656,2.91624438309
10.6783865147,3.41665548089
9.57581543922,3.18551482595
8.671109375,3.12246244215
9.93643323727,3.45647505411
17.4767708333,3.94309462362
22.2136434868,3.51838525091
55.7099941917,3.48211613643
202.628924222,4.86723428855
211.88946932,2.9823882359
217.405010919,3.27275729367
208.658344064,3.62003710327
168.026506345,4.56244565691
46.3789379982,3.1879279214
33.3072331512,3.27455202466
28.7407594123,3.30228574861
24.9270305029,2.96443768667
23.9778154952,2.87464696302
22.6814752768,2.65440196069
24.9928448919,2.68292927966
36.2616649396,3.1062795873
43.1598150808,3.23046618879
47.083325433,3.27761628077
43.797460877,3.09489000023
41.1797234219,2.98737783171
41.2472279534,2.99340853393
42.9018741319,3.12330335132
56.195217693,3.12073188695
116.516636269,3.72231130099
200.457781208,4.82802666594
204.682261658,4.65852046216
205.18620797,4.47624947606
203.24095739,4.79282246885
118.541524272,3.88195742962
34.7070585774,3.01056950335
29.2029934211,2.95793195703
28.5143791946,3.01885433798
29.17145637,3.14036059373
27.5540671573,3.30988900821
25.0620902318,2.97830942413
173.580518141,4.07789051719
219.394182863,3.75476817943
185.019641364,3.95875652502
84.9016510601,3.17840405005
46.9344832856,3.43549771667
45.506631068,3.49211179495
36.8932488729,3.2443075972
33.7428287154,3.02186438409
30.5019290043,3.11453943891
26.6929711286,3.14668101723
28.0975131467,3.04991963045
32.545353441,3.05803801064
40.5138914931,3.12342858487
37.6822240944,3.03159469589
39.8404241908,3.0633143751
49.22803314,2.98158556255
93.251687037,3.33224844954
177.882710928,4.22547485491
207.900576151,4.24658112974
216.848200599,3.58809582376
223.054261838,3.34151181005
229.062379376,3.40275004782
226.653008507,3.3985917153
214.192181352,3.68321819669
61.8318149466,3.20059835808
50.8038914443,3.3099142243
46.5633228656,3.53071775321
40.4891050096,3.46511367782
37.2012590822,3.43959278063
45.7959683544,3.25364139078
48.9415734201,3.34371511753
46.243027933,3.34971158679
53.1440902913,3.49368854733
54.0823062382,3.40009705852
53.7784315992,3.46562562621
53.096853167,3.45306422794
61.9869953315,3.36025515979
69.7459217311,3.31295930146
113.457948643,3.48419627623
130.932057449,3.49520188685
167.899294926,3.80392115604
55.7170497881,3.81187817146
41.8041618037,3.18086388507
44.4601929026,3.27479011587
57.2752687225,3.96387547978
73.5074913151,4.46221375855
88.6333795111,4.18917458224
94.3141294537,4.27040600026
91.0019261822,4.14741363932
90.1499281576,4.16846885925
88.2092022099,3.97529727394
86.5859935691,3.85558974878
143.032807613,3.70010739751
208.017147971,4.29403278195
223.587631937,4.07505196766
227.289490153,3.93685078999
227.587208568,4.05664521763
220.182042056,4.20015818138
191.888094402,3.94822954555
111.990462874,3.47059565222
82.6907131063,3.71231852228
76.3472579462,4.39816042652
57.671384778,3.80276203482
56.6157055276,3.61566956392
57.4840829069,3.6809461022
61.3268182773,3.78067976515
73.835600882,3.96441981804
85.1988327566,4.14703605845
86.4512767857,4.01554150669
110.121127109,4.0471937412
130.318321625,3.94772948836
145.965692818,3.97466361738
173.272622933,3.94799223699
198.667848769,4.21254571222
223.390949878,4.39703977411
231.211896991,4.16296102707
234.573746528,4.16405906955
229.640849057,3.99470296109
218.487630536,4.19506182614
183.168234831,4.04106400089
97.6133638077,3.38888967853
67.9246034137,3.61329831931
95.0702358974,3.68375180223
144.960797826,3.91065974374
172.844192731,3.96374258831
196.987621005,4.10196089638
207.131753505,4.20421679762
186.706155098,3.90007591394
125.254321937,3.41635957575
91.6185432099,3.41824064535
74.3560890891,3.60185287902
70.189556314,4.09427848436
70.0287673611,4.16313362831
80.7028538874,4.82168908719
93.764994898,4.58734668476
94.273649815,4.43396989455
99.2101166033,4.55725126495
98.2551463897,3.55868387478
94.9682913907,3.403937618
93.7367280453,3.39714020885
112.099389847,3.44718202855
123.822391813,3.50738548963
106.707601687,3.36902157651
83.7805322723,3.17992540598
49.2548726953,3.15769407913
41.8310664366,3.10519876117
39.1030767219,3.13626824268
39.2722070447,3.0913419817
44.3657484822,3.12146620689
57.133060207,3.38436869349
65.155006237,3.73963244078
74.9799858388,3.91483793601
77.0220862069,3.87528253385
74.7846346154,3.63898326214
88.7829565217,3.5563826629
115.363371808,3.676228537
121.383605839,3.75094763048
124.302852273,3.71314311195
102.388109328,3.60806792075
91.3797038582,3.75067846302
106.278464995,3.75877834848
108.870565306,3.66948946637
110.367250749,3.59528496413
102.011265885,3.51801880241
78.1436224589,3.48177826148
74.2130250241,3.461127329
66.9699327485,3.5054568969
54.5224143541,3.44286209398
49.3564100186,3.33624065361
47.3391166208,3.30395487784
46.822068654,3.24996954
52.4047879359,3.39049607225
55.5071481132,3.39452054692
55.5857830189,3.39533519158
65.7158783019,3.39542870696
84.8367612225,3.43376366701
85.1130482955,3.40687824445
98.4845280464,3.47996852063
90.7962995215,3.44075381971
71.989292471,3.47297564909
64.0222549575,3.3975910259
60.2767004566,3.2865766603
55.4203953695,3.20361407639
53.5066414591,3.2012208094
45.884890785,3.07023648205
39.9414643449,2.98451519162
38.1708814391,2.94089078047
47.7838154506,3.08719932162
54.6376832845,3.51635860281
45.160604717,3.39411648172
37.4380184049,3.15228077189
35.6585138408,3.11315955971
34.8750689046,3.17878203091
40.2842625746,3.06677123212
69.8004025862,3.10218594111
144.192954927,3.76651555404
188.534343921,3.94123574707
198.969412114,4.26408473649
214.062722628,4.3775514934
214.503223684,4.29938061816
190.486872093,4.1788757495
166.30086388,3.854091873
108.412226728,3.31468765314
77.4511419355,3.31584313809
54.4103608341,3.25971748643
49.4252152589,3.26774021894
44.2555526316,3.26614690557
41.9534359431,3.20057275065
35.9319799833,3.0011039687
45.6226146633,3.06650827122
55.7431432361,3.18229867329
59.084446729,3.36150550379
83.1537381643,3.47380214319
105.558316872,3.70288765573
156.654805889,3.9120930125
194.645300358,4.28766978556
209.289940968,4.2459186764
209.193836905,4.28498247823
210.523861078,4.31062798629
207.330389952,4.29891140854
197.456819149,4.25342637987
138.861448743,3.47991094876
122.770949486,3.36268714194
90.0488579285,3.29839747753
72.0931045198,3.3881815381
72.2409310689,3.59427420358
70.0370788934,3.68780967398
63.6865930348,3.57885624928
61.8680060241,3.61229910074
67.2068297655,3.66651964157
77.5358639745,3.82082841802
172.760153197,4.3399641906
209.678306265,4.16279419977
206.997575758,4.18626458509
205.971236193,4.22546279152
184.28829813,3.95744886213
143.868573674,3.53557603384
117.773264259,3.41987976924
95.1603620863,3.61032239484
73.3243293532,3.58114607901
71.5364171123,3.84898137122
62.9084728205,3.69039306221
58.3064872579,3.66874585453
55.3714175824,3.59374367175
54.4587564612,3.57655254468
48.7386009804,3.52667759876
43.7439990157,3.53924604707
45.2664648438,3.51093296167
52.2840307845,3.57379005514
89.9367846751,3.48356133818
162.521869324,3.9855895692
199.464474074,4.44360912353
209.435442822,4.37506280542
213.78412691,4.22963902108
214.15731411,4.41451423876
206.44751773,4.25276261434
160.817540795,3.76126873481
130.19980396,3.56229579554
84.3459317972,3.31596758226
64.4640076118,3.42405631314
54.7470049213,3.53862827477
52.0599325277,3.62422620193
46.1355298143,3.51854625576
44.4374570048,3.47385955463
40.4991060071,3.17850317607
36.268391844,3.18858721666
33.8831775093,3.3432586835
34.2787247619,3.42530670617
32.1469446529,3.37627543146
38.6882334711,3.71477280494
52.1800498915,3.90180145081
69.9538227723,3.56162275385
93.0395350701,3.6055357578
107.632302083,3.74938077989
151.751928817,4.11255758129
178.160268143,4.40970729062
170.029304762,4.27867818455
114.012537799,3.44350468662
52.1747023908,2.96491148367
42.27038865,3.09405853985
37.968727667,3.12064637088
37.4558281818,3.26985128368
37.2864889478,3.18086774551
37.6137905103,3.22177014583
47.0260277512,3.44334693803
45.9758145009,3.38729742946
39.6609092628,3.39890897931
37.8516039409,3.5433583563
39.9653111528,3.37208063464
54.2230246679,3.41403951817
90.7342692693,3.60232738397
133.551031949,3.82907578717
164.858861835,4.07518310284
174.267102748,4.29255849302
203.679120956,5.06101928015
209.790719231,4.61138222405
204.652109987,4.54722185382
176.02654732,4.10378548579
99.3324208103,3.31351487324
67.0879304912,3.33223618424
51.7698324873,3.65104266936
51.3358818088,3.69681688324
48.255836887,3.83263905328
41.7600176644,3.53062236337
32.010355157,3.22650855713
36.5310045331,3.2614083623
40.8914371482,3.37585851848
46.7119682997,3.45701475023
53.3051693227,3.58400412492
60.8937998047,3.5124537659
73.1930697455,3.39103586363
112.517709459,3.47315521069
163.151225368,4.07466133646
191.016727166,4.21231014247
205.55835732,4.46566936597
212.107356608,4.48751825864
219.297271208,4.62569101504
216.502801034,4.6495976619
214.05282638,4.83557624296
202.955806011,4.91448543011
95.7228728383,3.66046176795
43.5295684431,3.75858777942
36.2014584648,3.7836541207
32.8416477516,3.85381980207
24.8480967423,3.5521169426
25.2125237288,3.04778704221
32.8882418478,3.25854479897
38.0521191191,3.59795233726
33.5901322242,3.1513450114
65.0650184874,4.7989306547
23.4012813975,3.3988593018
22.6304542802,3.49714353752
21.5590491642,3.53504772668
28.3200959024,3.13542237565
33.1638018349,3.29786444893
34.3991329588,3.36644705293
35.5508217822,3.5604721797
37.744336475,3.3921732325
35.8584580584,3.39143903812
35.1990728291,3.35680983611
33.796792196,3.26591723002
29.119382245,2.64029896676
53.9169680207,3.10721045971
66.8262423313,3.67383754318
29.5173053161,2.58529753803
18.25514377,2.87016377083
17.2524282073,3.0568469623
16.8869353493,3.74752810653
15.4472235401,3.28351495444
14.3597851003,3.43787835901
12.264015233,3.22524341068
11.0603775168,3.01710732128
11.7716617211,3.55895290739
12.9864249201,3.83187253363
12.9056405473,4.47331024804
12.8778287154,4.52526122804
10.8964482402,3.72593365907
11.9700420521,3.0236945096
42.3317413442,3.6645535773
78.459547379,3.62457929435
89.4505792622,3.58743656142
74.1394493783,3.19339064439
80.9011005435,3.26038816539
70.0015954664,3.1379749555
25.7088997451,3.05768323839
8.29051462622,3.89505454701
42.6975373264,3.12435360226
56.8698474738,3.42797510357
153.788664653,3.61913658022
46.1583760603,3.38763247422
50.5243382209,3.51416189039
163.45060625,3.74721399831
62.8540528634,3.17071922142
82.8492470703,3.5115940255
51.6876212654,3.16293905124
66.5414336199,3.43538285544
80.1122242479,3.27905917865
51.2603197211,3.5849040144
41.1074294931,3.31591506486
46.3132419206,3.31933705432
37.2756253717,3.566842888
27.4251839671,3.69894245685
64.1306479017,3.67257435797
201.253071229,5.02711418759
198.38115843,5.23030798947
125.069805213,4.935283303
25.8261629794,2.65370143111
21.1566872394,3.00197641981
20.1096431642,3.09172156338
21.4830449331,3.4377577162
22.0661879195,3.44800620651
20.6424553377,3.91770313952
16.5860652574,3.30524584894
16.2479227099,3.43433961323
17.0347222731,3.29835147273
19.4412640264,2.96788107203
27.1534668902,3.01634923713
65.7293246637,3.2280462981
135.877291126,3.89383568639
182.561848668,4.35762926794
179.412457589,4.01479332225
147.915066381,3.85319438152
107.713434334,3.37527292708
118.069994914,3.66025034775
99.7120968992,3.48406689068
75.3472632576,3.40770230607
48.5872075134,3.21923753965
31.1023561254,3.41645526712
22.4292885974,3.6306880534
20.2083036707,4.00304159665
19.642282325,4.26914564592
18.5220909091,4.30324249887
14.9497440347,3.89175914189
12.7383952033,3.75053663746
11.143243141,3.4042719821
11.0282831541,4.3002288726
10.2824394813,5.180201397
10.5196773743,5.02470339
9.98071689989,3.8681613241
9.28762269129,3.16374489179
9.28813013699,2.73913829243
10.36133867,2.21598170713
12.5169252982,2.25857563007
16.8816605762,2.52868099604
25.8349806202,2.78844058871
31.5782839707,2.92850086087
28.1250460683,2.85847762004
32.8078992689,2.92274965041
40.6532270364,3.11895921934
37.1743884298,2.97397685046
21.7093513753,3.1907282633
20.7124900662,3.40262130492
18.005808978,3.43398889812
16.8768993415,3.38310890089
17.2904261658,4.63542363023
12.5688866397,2.91231718088
11.8040058382,3.00031436833
12.9867377358,3.39487527909
12.2243426573,3.13993187701
11.6093544878,3.26113108605
11.5043459801,3.24922406469
11.2718350785,3.13870860087
11.8401051188,3.28870845254
11.3446540999,3.39145048649
12.6018826923,3.4595312538
13.3230864322,3.61426131346
16.6767101981,2.64005322408
19.8515392287,2.39136022413
20.6729533608,2.4676167702
19.8311549006,2.46688927425
18.4623659016,2.35956393422
17.3428271093,2.48909128789
16.9239984721,2.74933583636
16.6719179104,2.68609308348
18.2843504625,3.6931727099
13.4673504532,2.71825992064
12.1415606391,2.61354621647
11.5016424073,2.51778451094
12.8575785805,2.27988826039
16.5305236318,2.23833591378
23.5002244475,2.48439964502
38.8395114943,2.58320803093
141.068736898,3.84591307881
191.3829,3.99733763136
163.412686911,3.7660109015
134.360350151,3.63159302783
88.0121062106,3.23804110023
43.7908357203,3.03064276015
34.6590939227,2.84017129367
30.967913454,2.83144359905
26.4456144131,2.67314822853
25.7363874269,2.63025192374
24.3416225876,2.57191380868
22.6772357143,2.56991473077
21.8240832745,2.53941449255
20.6348723835,2.42762876487
22.1371808376,2.28217139388
23.9284051047,2.35279599066
28.0657590444,2.45567491302
32.8285592055,2.74907696176
38.9820602205,3.05189518575
35.688147541,3.10461237273
30.8105633803,3.1658107955
52.0326883117,2.74866567575
95.2793291139,3.24894877652
92.3763998203,3.2340419379
72.6609652893,2.97056699379
45.8065172156,2.693924231
39.1574904361,2.75346633124
39.2695427252,2.76643464827
38.5031073132,2.86033212554
37.2110430966,2.87115079866
38.0482790698,2.88484057867
44.3965397631,3.04514715927
43.9072985822,3.00184604084
41.1413132832,3.00363074293
36.5733998344,2.97713775747
33.2778071895,2.93919567333
26.5836100775,2.78792017914
24.4241936219,2.73103350766
23.2652640187,2.8031914579
26.2171043603,2.57036249601
42.1905962294,2.82617623826
65.2494152192,2.97532373438
100.83533619,3.42635031517
199.511079408,4.8437953168
203.656991525,4.3460792389
196.085639566,4.87518270159
88.7805743119,3.29978821707
36.3358414133,2.95558532568
33.2694252598,2.87572981379
34.0795117005,2.80627046274
36.3216432161,3.01417489923
40.4379515599,2.95356698344
37.7471771523,2.97884818167
39.3945946385,2.92108689996
35.6420129765,2.91899612032
32.5862099268,2.92601391059
31.0270120482,2.88837060705
30.5922933673,3.05961115001
27.3550057756,2.96879660897
25.5998248687,3.14915871478
31.1936140483,2.7170743359
72.6116606852,2.93489085423
86.4746019417,3.17229107547
133.655767708,3.74571166271
182.119047562,4.26265901969
162.078958824,4.21987732656
87.2812488479,3.31678398029
58.7499132856,2.86296255373
52.6707797571,2.91380807137
42.8398502165,3.11429111251
41.6000682005,2.95661288899
42.3476343993,3.10542433879
40.6106456483,3.19336930873
34.4924037674,2.94658682485
43.7898871627,2.94310457595
44.6418958503,2.92717946547
38.8743360324,2.91337098172
34.4772229299,2.86558234616
29.6177652812,2.93224745394
27.9729403595,2.94067420604
33.7010569498,3.47271466619
30.2464818512,3.26471031335
27.1019474153,3.20652263843
25.3376901536,3.25134519752
27.6642388316,3.08906700591
103.204083855,4.50390190751
204.567286976,3.97056913428
209.30412036,4.04659847328
197.634957796,4.21916563443
156.001155729,4.00128338468
92.5237831901,3.4367355315
59.0783954338,3.2844203397
40.3061035747,3.29813622177
37.4094582011,3.80336415413
33.3827765018,3.17778479979
31.3186850594,3.05422966334
28.4130834739,3.03321578845
25.0136225831,2.78308802452
24.9002102874,2.72223813648
24.2228544352,2.72836149181
20.5552677396,2.63144954093
18.062724482,2.76025145475
17.311974026,2.74832129485
21.4483862126,2.98821422999
18.5101348409,3.01347133271
20.1251092851,2.9566077761
19.8194051724,2.8191133297
97.638524948,3.74012754869
193.026935733,4.6091109555
201.591086035,4.48489570072
178.22081178,4.60814400191
127.044849036,3.84906825435
102.00412611,3.19662674267
89.4111057778,3.19942166053
53.7346940154,3.47335652544
48.2610216369,3.38548262215
43.5962865169,3.36643607591
38.4870251082,3.11540036456
33.1510790104,2.87268526548
33.1623624108,2.85358831229
33.0542981651,2.75016623048
31.7202141119,4.3559601301
23.8676207185,3.00597682209
23.6595718419,3.46673678488
21.5474605263,3.15615487051
32.0413599386,2.76173564812
68.1987707317,3.50550761076
125.030577039,5.42893252769
182.174845471,6.39336701397
182.632971963,6.71951117537
193.95696929,6.90676832526
201.573745066,5.91601502049
200.43372402,6.11657053631
201.345142458,5.01737877592
182.165573016,5.70239628924
38.8320501002,3.60465524349
31.1556479514,2.7264820507
38.5547864798,2.96412889187
48.680509434,3.39238749209
47.3612727273,3.47767648955
41.0621444241,3.28825556831
39.4204746503,3.14578513
35.5886793169,3.41293348992
31.4411039198,3.28096207719
33.0644878993,3.48318082617
29.4263945128,3.40129971141
31.2170290456,3.73039272241
51.9036658824,4.02048907307
35.7183140638,3.10362777701
62.2230690691,3.60099361501
71.0706683468,3.62469886919
90.5756891758,3.57309268048
114.004137688,3.61699012359
135.514461774,3.66876606662
148.431297659,3.99115431985
127.765494265,3.7514153404
125.196293432,3.81143229728
168.795414921,4.70996134724
203.84596139,4.62857309776
206.426703947,3.38046727675
208.583870618,3.00314037235
202.304242297,4.98449473921
39.3272827832,3.2091346434
24.097904,3.59091456427
23.0591631206,3.63969178915
22.8535005574,4.01037445401
21.4742800397,3.57400359785
19.9011652968,3.28581785793
17.6547046581,3.5643339285
17.7325185972,3.82307508258
19.5596521739,3.89630546837
31.2795903084,3.96399832682
34.5816045259,3.87277993429
54.2089471585,3.58716437035
92.03075428,3.62298516249
125.040313514,3.89001569109
160.679126725,4.50433367836
147.654193798,4.64976542317
117.626970726,4.2081436695
109.758029148,4.02865074973
192.3052247,6.17228389028
207.376052863,3.1693952194
206.721620102,3.06282695765
202.638225722,4.71900848919
32.8979358974,3.29563395567
23.4184581818,3.2685769216
23.0714549356,3.08678262332
23.1740904131,2.80546662361
23.2916638591,2.75535736138
22.8731286713,2.51668414325
59.8355178236,6.7466610921
76.710516129,3.31576995267
200.672562183,4.55892155808
203.54062117,3.34203270061
202.095070646,4.37625148801
90.1968272808,3.18539005166
39.0633828484,2.75471473114
34.9553832669,2.86510029708
33.7093423423,2.94657615564
27.9104830308,2.83893292935
22.9667110531,3.13211010183
16.5982525597,3.07026703798
17.184066918,3.38590772554
16.0587141256,4.02810560384
14.8747066832,4.43270442974
12.1687059437,3.74741201365
10.781925641,3.07634073359
9.75760147905,2.95704855071
9.4273629865,2.85882048404
9.99057797357,3.17090419602
11.096887574,2.6619703504
9.2376505305,2.38654541598
10.4052068543,2.20237949545
12.030409204,2.23698450401
10.6617588235,2.35176082086
10.3809103165,2.10833387245
11.9403980986,2.13871950586
12.6948832753,2.08817508615
13.2249579555,2.93594974629
11.287577269,2.94097647898
11.8200352265,2.5785808237
33.4126410871,2.87605255996
37.7788895301,2.9661663756
48.7079348757,3.08155036984
66.5878338055,3.39890315476
79.5399492537,3.57917439633
77.1658006073,3.64228904479
79.7966752381,3.42294466908
73.0214440367,3.30006361009
59.3080667244,3.11862469094
43.1470698653,3.02782055065
30.0466661143,2.98205807365
24.4999541206,3.05593604165
14.6910085337,2.78974266117
14.8814378931,2.82774542158
13.9972456693,2.83376877715
14.4753539823,3.18014780117
14.5855025694,3.69711237228
14.8339081908,3.23750218845
25.1503832237,5.91035167277
13.6321627172,2.84201167714
13.0090036969,3.3241219712
12.3086592878,3.46323696692
11.4552136249,3.02359532575
12.6668449096,3.42354504151
123.278050691,5.52770143739
207.811763158,3.94334176478
206.024456,4.11071992423
195.393039755,5.49222373377
78.7957884058,3.47544065377
37.1817453581,3.17758783541
38.3409445489,3.37972514702
38.6816300851,3.40434297115
36.3450045372,3.26622655369
29.0871097872,3.06318126386
29.6690481818,3.27113435097
26.8119034544,3.18696078438
26.0506971581,3.1941212493
23.3903503903,3.12095328008
20.9905793045,3.05099099759
21.0293815227,3.07790988423
15.5551575758,3.11566504194
14.5821206581,3.28989639675
12.460194332,2.91370736412
13.8628236591,2.64353872061
18.2743222912,2.48368486165
51.3410472574,3.03656825976
138.586392567,4.17875834675
174.439205514,4.50487832776
171.426624105,4.29461565304
117.62229576,3.7202688524
79.8403255588,3.49392347901
42.6477106918,3.77301283083
40.5604590495,3.63766092765
39.0784019139,3.44285168764
36.9670037106,3.33732212007
34.5778260038,3.4384513067
33.719775,3.33162800421
32.6873205699,3.20396825909
29.0112069565,3.12840661139
26.4351323155,3.05048798025
30.4014103853,3.01381073143
39.0802995595,3.16885590638
51.9011864407,3.38873897405
59.0022247082,3.50116348041
77.6546472946,3.60547942608
159.544879404,4.87322253961
203.704728972,5.59954277519
204.314126359,4.88977824218
203.934071059,4.64778073988
203.359474104,4.77674981858
175.249530488,5.48692960107
41.7505296026,2.91806378831
29.5693028721,3.12922967027
29.10410623,2.87179600374
43.7333285953,3.00532362099
49.8331920354,3.18524029102
53.8159185727,3.29047014392
57.1700814394,3.40691643986
56.3837046332,3.47154008346
49.6062074074,3.33073801433
40.3239498141,3.34357137296
37.1869990548,3.39931698808
39.1440239726,3.07935508698
40.2777868988,2.98322980506
83.4363373494,3.09671971489
164.19092429,3.77437211337
188.756389563,4.3360538117
134.400563063,4.04555620519
120.506584967,3.91736064847
128.470837541,3.94998072912
67.8986122995,3.20776410539
41.6221323529,3.11358429575
27.1852622407,2.98541489771
27.4652445887,3.8932188359
21.220819567,2.88642101557
21.2262539185,2.81964880239
21.4404296117,2.9104608018
18.6169642263,2.99063171014
16.850004,2.87595955045
17.4751069803,2.72784735231
126.645027607,3.67832318636
13.6351636598,2.31800933532
11.9038127896,3.33368104963
192.339320973,4.17017380191
30.0768009631,2.88676523251
40.9642937898,2.86447288519
42.0050914063,2.81111477579
32.7290428832,3.28286174918
19.9640123131,3.14966954334
31.2141386973,2.75792485769
38.1099285106,3.0602204178
206.154408416,2.96807099502
204.772383158,3.78668287457
18.1930030441,2.73913525735
17.7274624473,3.03279422304
12.5865017065,3.07115865241
18.2127409639,3.09619779502
25.6412717489,3.22661011028
47.6222788921,3.43602955444
17.8892449637,2.89895024999
30.0868948261,3.05121561159
29.887829288,2.91057623191
21.3485710744,2.97301552276
48.3252227874,3.65908042841
27.546884652,3.42982695235
25.086352518,3.23605395435
65.8562270663,3.2692032302
52.7780542495,3.25137600635
36.3003348751,3.32832851066
27.8879244043,2.95761674604
26.0119291958,3.14225929091
31.1757461617,3.68108731764
33.4693861646,3.15047175945
166.041441092,5.16874337124
21.2511184669,3.13420995064
20.8949033424,3.25047767895
19.2352977667,4.45623586669
15.4747373626,3.94862497604
14.3789570136,4.06204666806
15.3545605381,4.03426991789
15.3002519754,3.15693911774
16.9162796076,2.52047037748
20.0273755187,2.48876253659
67.6909832869,3.33918453476
178.711002967,5.33989655288
109.972848308,4.19906936214
62.5212593361,3.73190257941
47.9669130879,3.6777143666
44.9902641148,3.4426802015
37.7456138614,3.55839916775
36.7017164948,3.09164770553
38.2529659091,3.14501839709
36.4710499562,3.15257086205
35.3296280851,3.06191581874
26.5070387965,2.84974456212
27.0452610015,2.73076525122
28.3768812684,2.6537346909
30.668726227,2.75937076937
26.9129457222,3.310997951
22.2444858156,3.19074959434
20.7033090211,3.45235526457
19.4266530973,3.1849676938
18.8961611066,2.92537079785
22.865487234,2.55117080547
48.6352541806,3.00607646286
69.3175281474,3.68393887571
29.4654875731,2.62904193323
19.5514552957,2.47520865709
17.5944517544,2.62969348538
26.7189312715,2.47294575673
33.4722319508,2.76363238532
32.2310677201,2.70829513519
31.2192014274,2.85191576085
30.8655500849,3.05471989244
28.1810419304,2.84687665792
26.5877608183,2.83185004204
23.2135445391,2.78436059239
26.4198158756,2.94232700769
29.6544745909,3.09686158026
25.7575941278,3.10615176087
23.8227541626,3.51440366853
22.3819144008,3.62426692437
21.7623009212,3.68123806445
21.1153620352,3.51760255516
38.3955116487,3.22380781842
157.440882749,4.84893750372
73.7526399303,3.13748029931
80.6773070796,3.18204918991
55.8570338437,2.89962182803
39.5834086429,2.72783058437
28.7913872699,2.75865112624
28.2311289256,2.97383085575
23.6749654008,3.03715445732
21.0172964564,3.11087633453
22.3899061708,3.04125153561
24.5003657556,2.89187157365
26.1427025118,2.82475707593
27.8146150662,2.97727494033
27.2673276119,2.68448928274
27.2366981627,3.14701059951
24.1880360206,3.08649229163
24.4731840592,2.95447990394
26.6603840304,2.73514286969
32.0031089838,2.64919248713
33.979409621,2.62335154263
35.2891006613,2.64422520795
53.5169514487,2.81604889412
58.3145405405,3.03962129496
51.8286854545,3.27134187136
62.6055458801,3.36885382446
62.1514150418,3.34126271701
55.5594699612,3.48519949494
58.9980271055,3.48135427507
48.071568113,3.63112425201
40.7792030612,3.67172875233
39.2653336756,3.69322974665
37.5417492417,3.63747717937
38.4355139896,3.72969083436
38.0909646107,3.63616792341
36.0820794224,3.24707329442
43.3179492481,3.38021953706
50.2815752896,3.47265718306
53.9185213082,3.56344153481
56.6371374408,3.41098629956
64.3981013953,3.34725022234
84.4263145756,3.31864388776
93.532684832,3.26924328547
94.2372866795,3.47204313896
89.7463631179,3.42028429622
63.0869096601,3.21810391376
44.7434325069,3.30483948978
35.1871469194,3.40981710441
29.8042927083,3.74744102041
28.8751801242,3.72457271519
28.8506456984,3.32838180961
29.5214429907,3.36145048839
25.6876140511,3.28283055659
25.6057558466,3.36415125645
33.7588473728,3.001787232
49.0325309503,3.13333495459
42.8452456294,3.14457386594
33.8984288121,3.02944326372
35.8902927215,2.84722762583
48.4623002383,2.85868342061
41.0394353519,2.94523676337
33.7764667189,2.81801651737
31.7481606061,2.7265707551
73.0092643979,3.13952201765
61.9941109244,3.02314913073
38.4732789943,2.91914129601
35.1651958678,2.9738317022
30.2594492406,2.87705762558
29.0764937965,2.97624218471
24.8159403862,3.02185193234
24.8419495875,3.29846483301
23.0938117752,3.20907194674
20.8233598553,3.25390557092
19.1268444846,3.25211020682
19.6040480248,2.78652133323
28.1393919442,2.78721647417
43.0431811659,3.22616825619
52.8360517241,3.44454489766
63.7899785366,3.50489388966
84.0439592215,3.33422179674
121.980566301,3.58857701758
151.776059718,3.90814259141
146.355590198,3.75293733551
111.995330392,3.52665993494
98.8221856459,3.44150303863
77.0798494727,3.44589181194
67.9473137803,3.35064858608
63.1345218216,3.41401229372
76.4335907407,3.33124795553
69.0057209302,3.21792298186
60.8230063869,3.28143506695
47.9851006776,3.48427825241
42.2742595122,3.50982805955
38.4817361246,3.4994868819
35.2971905679,3.46381480054
33.3195018692,3.36332384861
32.7365518868,3.39541696759
36.7539577718,3.23362999487
42.7069137931,3.10139591538
55.7431402383,3.29720546554
70.315721038,3.33552243265
85.9953717228,3.36714447636
105.21542607,3.49898632553
95.0114235849,3.3944689451
80.9293226717,3.38464236507
61.1515738476,3.38539830598
52.3738580889,3.40408552137
54.8760511416,3.28709717604
60.690793956,3.2943635858
56.4830266055,3.29800325398
47.3684420227,3.13742132297
43.2025366695,3.10539323969
40.7349744493,3.16908762635
40.2021012433,3.19474883495
35.8591310895,3.18777569212
38.4022595897,3.20977163688
41.6245154185,3.16923337384
53.128707635,3.34891842595
57.08478338,3.35681830698
67.1341898239,3.51906053191
73.1568683206,3.43108571842
84.9607010309,3.37241851996
111.95712279,3.5339434275
112.195834791,3.49449289345
96.3546647834,3.38751909221
63.400089539,3.19020607168
52.1175766017,3.34188296169
49.0135952616,3.54960476777
42.0347247619,3.42802710855
41.5631499522,3.43728588507
32.1344126126,3.24058517566
30.0575463203,3.11630874167
26.8714631148,2.94911023058
25.0829957228,3.07868996027
29.1540751391,3.33649445988
24.6174276316,3.38127217413
20.1489830961,3.1997780853
20.1056319272,2.97579680133
24.6714672256,2.74342840792
34.8143864542,2.86755460534
38.203,3.07190378961
39.3358562664,3.15226799679
36.3206187175,3.11854824286
40.43803125,3.12199658958
47.1906239669,2.97234551051
45.2866997389,3.13162651274
29.7217937337,3.132002105
26.4664455535,3.26499445119
24.554706422,3.00098401425
26.4469745455,3.27225958821
27.5941279352,2.91309455816
30.589580895,3.09731672292
30.3919965724,3.0827777226
28.104787415,3.05613833738
26.0093284229,3.11703096772
25.6337251223,2.93447612378
25.4379656616,3.01411567696
26.9574747648,3.07679161751
25.3935185185,3.02706668377
23.7761086957,2.89635824061
29.5940517241,2.82064596201
35.7528494078,3.04351505961
48.5574263914,3.2287551552
83.4346540643,3.39934822573
108.795291139,3.50479003642
161.844479042,4.30833094737
138.923362486,4.1312805304
75.221313745,3.58210299875
45.568801564,3.51586088522
38.2318803922,3.52535763438
33.1613692308,3.30767664982
